Category	Term	Count	%	PValue	Genes	List Total	Pop Hits	Pop Total	Fold Enrichment	Bonferroni	Benjamini	FDR
GOTERM_CC_DIRECT	GO:0043202~lysosomal lumen	3	15.0	0.0036611694527196753	1520, 5476, 338	20	98	20521	31.409693877551017	0.24327811435068547	0.2674456459785995	0.2604076026633732
UP_KW_CELLULAR_COMPONENT	KW-0963~Cytoplasm	13	65.0	0.005424901157389092	84617, 4082, 570, 6282, 231, 80201, 63929, 1687, 26353, 284119, 338, 6732, 3606	20	5769	17910	2.017940717628705	0.09819206864177699	0.10307312199039276	0.10307312199039276
DISGENET	C0011616~Contact Dermatitis	3	15.0	0.00593356425212506	960, 1520, 3606	17	71	9699	24.10687655343828	0.5904456528341113	0.33177368119789663	0.33177368119789663
DISGENET	C0162351~Contact hypersensitivity	3	15.0	0.00593356425212506	960, 1520, 3606	17	71	9699	24.10687655343828	0.5904456528341113	0.33177368119789663	0.33177368119789663
DISGENET	C0023893~Liver Cirrhosis, Experimental	6	30.0	0.0066354736239579324	231, 1520, 55830, 84617, 3606, 6282	17	774	9699	4.422708618331054	0.6316191427370139	0.33177368119789663	0.33177368119789663
GOTERM_CC_DIRECT	GO:0043231~intracellular membrane-bounded organelle	5	25.0	0.008802233848212503	284119, 1520, 5476, 338, 570	20	912	20521	5.625274122807017	0.48927877144395726	0.2674456459785995	0.2604076026633732
REACTOME_PATHWAY	R-HSA-168249~Innate Immune System	6	30.0	0.011018895430761476	960, 1687, 1520, 5476, 338, 6282	16	1068	11044	3.8778089887640452	0.8933465763783889	0.8161882212033745	0.8161882212033745
REACTOME_PATHWAY	R-HSA-2132295~MHC class II antigen presentation	3	15.0	0.011750546051917906	1520, 5476, 84617	16	123	11044	16.835365853658537	0.9081562144838643	0.8161882212033745	0.8161882212033745
REACTOME_PATHWAY	R-HSA-168256~Immune System	8	40.0	0.012121607245594673	960, 1687, 1520, 5476, 338, 84617, 3606, 6282	16	2054	11044	2.688412852969815	0.9148657587461203	0.8161882212033745	0.8161882212033745
GOTERM_CC_DIRECT	GO:0070062~extracellular exosome	7	35.0	0.013024018841955025	231, 960, 5476, 338, 84617, 4082, 6282	20	2241	20521	3.2049754573850957	0.6307671127889654	0.2674456459785995	0.2604076026633732
GOTERM_CC_DIRECT	GO:0005829~cytosol	11	55.00000000000001	0.015501861190380797	231, 80201, 63929, 960, 1687, 26353, 284119, 338, 6732, 3606, 570	20	5537	20521	2.038387213292397	0.6949771619209315	0.2674456459785995	0.2604076026633732
GOTERM_CC_DIRECT	GO:0005737~cytoplasm	11	55.00000000000001	0.017595108288065757	80201, 63929, 1687, 26353, 284119, 338, 6732, 84617, 4082, 3606, 6282	20	5636	20521	2.002581618168914	0.7405347278238164	0.2674456459785995	0.2604076026633732
GOTERM_BP_DIRECT	GO:0010744~positive regulation of macrophage derived foam cell differentiation	2	10.0	0.018539443802663348	338, 3606	19	20	19256	101.34736842105264	0.9719641039473378	1.0	1.0
GOTERM_BP_DIRECT	GO:0003094~glomerular filtration	2	10.0	0.018539443802663348	4162, 63929	19	20	19256	101.34736842105264	0.9719641039473378	1.0	1.0
REACTOME_PATHWAY	R-HSA-168898~Toll-like Receptor Cascades	3	15.0	0.021210268328221857	1687, 1520, 338	16	168	11044	12.325892857142858	0.9868398837097306	0.948166465170307	0.948166465170307
REACTOME_PATHWAY	R-HSA-6798695~Neutrophil degranulation	4	20.0	0.025131753644163465	960, 1520, 5476, 6282	16	480	11044	5.752083333333333	0.9941510651412845	0.948166465170307	0.948166465170307
GOTERM_CC_DIRECT	GO:0005615~extracellular space	6	30.0	0.027838288172863032	231, 4162, 1520, 338, 3606, 6282	20	1931	20521	3.188140859658208	0.8830158683965865	0.35261831685626505	0.34333888746531077
REACTOME_PATHWAY	R-HSA-5686938~Regulation of TLR by endogenous ligand	2	10.0	0.02816336035159328	1687, 338	16	21	11044	65.73809523809524	0.996882257447952	0.948166465170307	0.948166465170307
DISGENET	C0003873~Rheumatoid Arthritis	3	15.0	0.0325626971281137	1687, 4082, 3606	17	174	9699	9.836713995943205	0.9930269245582771	1.0	1.0
REACTOME_PATHWAY	R-HSA-5620971~Pyroptosis	2	10.0	0.037385420616979456	1687, 3606	16	28	11044	49.30357142857143	0.9995456485910837	1.0	1.0
KEGG_PATHWAY	hsa05131:Shigellosis	3	15.0	0.037591355926258896	80201, 960, 3606	12	247	8662	8.767206477732794	0.903410388693009	0.8613929066056257	0.8613929066056257
KEGG_PATHWAY	hsa00052:Galactose metabolism	2	10.0	0.03991751653409355	231, 80201	12	32	8662	45.11458333333333	0.9166661753484263	0.8613929066056257	0.8613929066056257
KEGG_PATHWAY	hsa00051:Fructose and mannose metabolism	2	10.0	0.04236358557076848	231, 80201	12	34	8662	42.46078431372548	0.9286753308513406	0.8613929066056257	0.8613929066056257
GOTERM_CC_DIRECT	GO:0005576~extracellular region	6	30.0	0.043450012377020224	4162, 1520, 5476, 338, 3606, 6282	20	2172	20521	2.83439226519337	0.9658191426213918	0.4717429915219339	0.45932870227135664
REACTOME_PATHWAY	R-HSA-1430728~Metabolism	7	35.0	0.0518590907662785	231, 80201, 960, 5476, 338, 4082, 570	16	2127	11044	2.2716267042783262	0.9999787027833348	1.0	1.0
GOTERM_MF_DIRECT	GO:0005518~collagen binding	2	10.0	0.056957647588914216	960, 1520	18	65	18883	32.278632478632474	0.9877018492122833	1.0	1.0
GOTERM_CC_DIRECT	GO:0005925~focal adhesion	3	15.0	0.05875382504543336	4162, 960, 4082	20	428	20521	7.191939252336448	0.9899666711113587	0.5581613379316169	0.5434728816702585
REACTOME_PATHWAY	R-HSA-71387~Metabolism of carbohydrates	3	15.0	0.06082692646134563	231, 80201, 960	16	299	11044	6.9255852842809364	0.9999968766705006	1.0	1.0
GOTERM_BP_DIRECT	GO:0016485~protein processing	2	10.0	0.07830937252816243	63929, 1520	19	87	19256	23.29824561403509	0.9999998279052164	1.0	1.0
REACTOME_PATHWAY	R-HSA-5218859~Regulated Necrosis	2	10.0	0.07851277375183029	1687, 3606	16	60	11044	23.008333333333333	0.9999999328814584	1.0	1.0
UP_KW_PTM	KW-0597~Phosphoprotein	13	65.0	0.07896005891953242	4162, 51090, 84617, 4082, 570, 6282, 231, 55101, 960, 26353, 284119, 338, 6732	16	8407	14237	1.375944153681456	0.5953653195246362	0.9475207070343891	0.9475207070343891
REACTOME_PATHWAY	R-HSA-9013026~RHOB GTPase cycle	2	10.0	0.09102485635760928	4162, 284119	16	70	11044	19.72142857142857	0.9999999957586365	1.0	1.0
GOTERM_BP_DIRECT	GO:0042632~cholesterol homeostasis	2	10.0	0.09462289806085324	338, 3606	19	106	19256	19.122144985104267	0.9999999943188568	1.0	1.0
REACTOME_PATHWAY	R-HSA-9013106~RHOC GTPase cycle	2	10.0	0.0959851457565595	4162, 284119	16	74	11044	18.655405405405403	0.9999999985956852	1.0	1.0