"Protein.Ids"	"First.Protein.Description"	"Protein.Names"	"Genes"	"Peptides"	"B1_1"	"B1_2"	"B1_3"	"B1_4"	"B2_1"	"B2_2"	"B2_3"	"B2_4"	"BD_2"	"BD_3"	"BD_4"	"BD_1"	"BDM_1"	"BDM_2"	"BDM_3"	"BDM_4"	"BM1_1"	"BM1_2"	"BM1_3"	"BM1_4"	"BM2_1"	"BM2_2"	"BM2_3"	"BM2_4"	"BT_1"	"BT_2"	"BT_3"	"BT_4"	"C_1"	"C_2"	"C_3"	"C_4"	"CM_1"	"CM_2"	"CM_3"	"CM_4"	"D_1"	"D_2"	"D_3"	"D_4"	"DM_1"	"DM_2"	"DM_3"	"DM_4"	"T_1"	"T_2"	"T_3"	"T_4"
"1"	"Q6UWZ7"	"BRCA1-A complex subunit Abraxas 1"	"ABRX1_HUMAN"	"ABRAXAS1"	3	NA	7.07502698898315	NA	NA	6.11514377593994	NA	6.13242483139038	5.35688161849976	6.27335214614868	6.37763929367065	6.07069301605225	5.40531063079834	NA	6.56085443496704	NA	5.85033988952637	NA	6.29921436309814	NA	6.06370115280151	NA	NA	NA	NA	NA	NA	NA	NA	NA	NA	NA	NA	NA	NA	NA	NA	NA	NA	NA	NA	NA	NA	NA	NA	NA	NA	NA	NA
"2"	"Q7Z6V5"	"tRNA-specific adenosine deaminase 2"	"ADAT2_HUMAN"	"ADAT2"	2	NA	5.44182300567627	NA	NA	5.56897163391113	NA	5.99802398681641	NA	NA	NA	NA	5.93494176864624	6.05670881271362	6.58214378356934	5.98676681518555	6.37924718856812	4.08745241165161	NA	NA	NA	NA	5.49625205993652	5.95911407470703	NA	NA	5.41099786758423	5.01572799682617	NA	NA	5.50721073150635	NA	NA	NA	NA	NA	NA	NA	NA	NA	NA	NA	5.51254034042358	NA	NA	NA	6.00392150878906	NA	NA
"3"	"Q9UHB7"	"AF4/FMR2 family member 4"	"AFF4_HUMAN"	"AFF4"	2	NA	6.2085075378418	NA	NA	NA	NA	6.35796499252319	6.52946043014526	7.23963832855225	6.89155530929565	6.96309232711792	6.55596542358398	6.23448610305786	NA	NA	NA	NA	NA	NA	NA	6.53827428817749	NA	5.57928371429443	NA	NA	NA	NA	NA	NA	NA	NA	NA	NA	NA	NA	NA	6.22951745986938	6.5413875579834	NA	7.04852437973022	NA	5.81217479705811	NA	NA	NA	NA	5.4143853187561	5.9878044128418
"4"	"Q9HCJ1"	"Mineralization regulator ANKH"	"ANKH_HUMAN"	"ANKH"	5	7.10190200805664	5.96296739578247	NA	NA	NA	NA	NA	NA	NA	NA	6.97089195251465	6.48530006408691	NA	NA	6.86712884902954	NA	NA	NA	7.00947761535645	NA	NA	NA	6.20497989654541	NA	NA	6.93363618850708	6.49468374252319	NA	6.56508159637451	6.77790260314941	6.97437047958374	6.95747327804565	NA	NA	6.16703176498413	NA	NA	6.3612174987793	7.02948713302612	NA	NA	NA	NA	NA	6.5314040184021	6.82367372512817	NA	NA
"5"	"P17342"	"Atrial natriuretic peptide receptor 3"	"ANPRC_HUMAN"	"NPR3"	4	NA	NA	NA	NA	NA	NA	NA	NA	NA	NA	NA	NA	6.9176025390625	6.68000745773315	6.68989086151123	6.03318166732788	6.15218591690063	NA	NA	NA	NA	NA	6.72156286239624	NA	NA	NA	NA	NA	NA	NA	NA	NA	NA	NA	NA	NA	NA	NA	NA	NA	5.62474393844604	NA	NA	NA	NA	5.19260454177856	NA	NA
"6"	"Q99856"	"AT-rich interactive domain-containing protein 3A"	"ARI3A_HUMAN"	"ARID3A"	7	NA	NA	NA	NA	NA	NA	NA	NA	7.46244716644287	7.50087976455688	7.1562180519104	7.26459741592407	7.19819641113281	6.92512607574463	7.38680458068848	7.17638874053955	NA	NA	NA	NA	NA	NA	NA	NA	NA	NA	NA	NA	NA	NA	NA	NA	NA	NA	NA	NA	NA	NA	NA	NA	NA	NA	NA	NA	NA	NA	NA	NA
"7"	"Q9BZR8"	"Apoptosis facilitator Bcl-2-like protein 14"	"B2L14_HUMAN"	"BCL2L14"	3	NA	NA	NA	NA	NA	NA	NA	NA	8.03297710418701	7.88111352920532	7.92404460906982	8.03373050689697	NA	NA	NA	NA	NA	NA	NA	NA	NA	NA	NA	NA	NA	NA	NA	NA	NA	NA	NA	NA	NA	NA	NA	NA	NA	NA	NA	NA	NA	NA	NA	NA	NA	NA	NA	NA
"8"	"Q8NCR0"	"UDP-GalNAc:beta-1,3-N-acetylgalactosaminyltransferase 2"	"B3GL2_HUMAN"	"B3GALNT2"	3	NA	NA	NA	6.87442779541016	NA	NA	NA	NA	6.53814554214478	6.4928822517395	5.44099521636963	6.5988974571228	NA	NA	NA	5.86776113510132	NA	7.03916215896606	NA	NA	NA	NA	NA	NA	7.59636735916138	NA	NA	7.1314697265625	NA	NA	6.10693883895874	NA	NA	NA	NA	NA	NA	5.87556123733521	NA	NA	NA	NA	NA	NA	NA	NA	NA	NA
"9"	"P02747"	"Complement C1q subcomponent subunit C"	"C1QC_HUMAN"	"C1QC"	1	6.73920154571533	NA	NA	NA	6.05104875564575	NA	NA	6.81475639343262	NA	NA	NA	NA	NA	NA	NA	NA	NA	NA	NA	NA	NA	NA	5.39059686660767	5.51069831848145	6.11954879760742	NA	6.33012437820435	6.06975126266479	NA	NA	6.36407995223999	6.33117723464966	6.31639766693115	7.10173225402832	7.42739295959473	6.12579011917114	NA	NA	6.18778991699219	NA	NA	NA	NA	5.87463760375977	6.67786121368408	NA	5.93730115890503	NA
"10"	"P55287"	"Cadherin-11"	"CAD11_HUMAN"	"CDH11"	4	NA	NA	NA	6.77119398117065	6.50530815124512	NA	NA	6.24428939819336	7.46406412124634	7.55735158920288	7.77179908752441	7.51256656646729	7.83932971954346	7.58521127700806	6.95003509521484	7.67841672897339	NA	NA	6.69210195541382	NA	NA	6.98634672164917	6.44595575332642	NA	NA	NA	NA	6.46042537689209	NA	NA	NA	NA	NA	NA	NA	NA	NA	NA	NA	NA	NA	NA	NA	NA	NA	NA	NA	NA
"11"	"Q9BWT7"	"Caspase recruitment domain-containing protein 10"	"CAR10_HUMAN"	"CARD10"	3	NA	NA	NA	NA	NA	5.46665143966675	NA	NA	6.72459268569946	NA	NA	NA	5.86405515670776	5.04165601730347	NA	5.19084358215332	NA	6.08135175704956	NA	6.24569511413574	NA	NA	NA	5.58967208862305	NA	NA	NA	NA	NA	NA	6.10467195510864	4.70842838287354	5.94659852981567	NA	NA	NA	5.8596715927124	4.06450605392456	6.45077037811279	3.99955487251282	NA	NA	5.8103666305542	NA	NA	NA	NA	NA
"12"	"Q9UI42"	"Carboxypeptidase A4"	"CBPA4_HUMAN"	"CPA4"	7	NA	NA	NA	NA	NA	NA	NA	NA	NA	6.98233366012573	6.83913612365723	6.04395341873169	7.55499172210693	7.59976530075073	8.01159954071045	6.95699071884155	NA	6.74745082855225	NA	NA	NA	NA	NA	NA	NA	7.01553583145142	NA	NA	NA	NA	NA	9.66592884063721	NA	NA	NA	6.17637348175049	NA	NA	8.0921459197998	NA	7.20501184463501	NA	NA	6.91953039169312	NA	6.9475531578064	NA	7.62867307662964
"13"	"Q6TFL3"	"Coiled-coil domain-containing protein 171"	"CC171_HUMAN"	"CCDC171"	1	7.89816331863403	8.68063926696777	7.62759494781494	NA	NA	8.08377647399902	NA	7.54413986206055	NA	NA	7.16467380523682	NA	NA	NA	NA	7.64049768447876	NA	NA	NA	8.09481525421143	7.44030714035034	7.35533809661865	NA	NA	NA	NA	NA	NA	8.09625339508057	7.74051189422607	7.72486877441406	8.34987545013428	NA	NA	NA	NA	NA	7.19744062423706	NA	NA	7.89666557312012	NA	NA	NA	6.93699645996094	NA	NA	NA
"14"	"P06493"	"Cyclin-dependent kinase 1"	"CDK1_HUMAN"	"CDK1"	7	NA	8.04256629943848	NA	7.19079113006592	NA	NA	6.77660703659058	NA	8.17391586303711	7.74503564834595	7.5410590171814	NA	7.76538467407227	7.56198167800903	7.21545839309692	7.87996292114258	NA	NA	NA	6.8446946144104	NA	NA	NA	NA	NA	5.8488621711731	6.31597518920898	NA	NA	NA	NA	7.22121000289917	NA	NA	NA	NA	NA	NA	NA	NA	NA	NA	NA	7.75196933746338	NA	6.31385564804077	NA	NA
"15"	"Q96FZ5"	"CKLF-like MARVEL transmembrane domain-containing protein 7"	"CKLF7_HUMAN"	"CMTM7"	1	NA	6.85730648040771	NA	7.65245485305786	7.26596307754517	6.86229848861694	NA	NA	7.40256357192993	7.82072687149048	7.77934598922729	7.74302625656128	NA	NA	NA	7.44329261779785	NA	NA	NA	NA	6.21291542053223	NA	6.80686092376709	NA	NA	NA	NA	NA	NA	7.53957891464233	NA	NA	6.15025758743286	NA	NA	NA	NA	NA	6.75465869903564	7.40842199325562	NA	7.23761463165283	7.20443534851074	7.46409225463867	NA	NA	NA	NA
"16"	"O43405"	"Cochlin"	"COCH_HUMAN"	"COCH"	5	5.60793781280518	5.92743444442749	NA	NA	NA	5.50559568405151	4.93288469314575	4.8894681930542	5.88370227813721	5.849524974823	6.30580711364746	5.73191785812378	6.22240161895752	6.2554931640625	5.93141412734985	5.25062799453735	NA	NA	NA	NA	5.12486839294434	NA	5.93044376373291	NA	NA	7.26632785797119	NA	4.67546367645264	NA	NA	NA	NA	NA	NA	NA	NA	NA	NA	NA	NA	NA	NA	NA	NA	NA	NA	NA	NA
"17"	"O94985"	"Calsyntenin-1"	"CSTN1_HUMAN"	"CLSTN1"	4	7.24095964431763	NA	NA	NA	6.72679281234741	NA	NA	NA	7.03201627731323	7.99068737030029	6.93191766738892	7.28771018981934	7.00560426712036	7.50184631347656	NA	7.28422689437866	NA	NA	NA	NA	NA	NA	NA	NA	NA	6.20457744598389	NA	NA	NA	NA	NA	NA	NA	NA	NA	NA	NA	NA	NA	NA	NA	NA	NA	NA	NA	NA	NA	NA
"18"	"P02778"	"C-X-C motif chemokine 10"	"CXL10_HUMAN"	"CXCL10"	5	NA	NA	NA	NA	NA	NA	NA	NA	14.0497035980225	13.9090023040771	13.9205236434937	13.9799575805664	5.81507444381714	NA	NA	NA	6.21195220947266	6.4459056854248	NA	NA	NA	NA	NA	NA	NA	5.32622671127319	NA	NA	NA	NA	NA	NA	5.2118124961853	NA	6.29734420776367	NA	11.4553337097168	11.2697792053223	11.2778482437134	11.1510334014893	NA	NA	NA	NA	NA	NA	5.60438203811646	NA
"19"	"O14625"	"C-X-C motif chemokine 11"	"CXL11_HUMAN"	"CXCL11"	2	NA	NA	NA	NA	NA	NA	NA	NA	10.0939769744873	9.71613502502441	9.95553398132324	9.75191497802734	NA	NA	NA	NA	NA	NA	NA	NA	NA	NA	NA	NA	NA	NA	NA	NA	NA	NA	NA	NA	NA	NA	NA	NA	7.68861818313599	7.3406023979187	7.5214581489563	7.41245317459106	NA	NA	NA	NA	NA	NA	NA	NA
"20"	"Q9UHF1"	"Epidermal growth factor-like protein 7"	"EGFL7_HUMAN"	"EGFL7"	5	7.20338010787964	7.15032482147217	NA	NA	6.69373559951782	NA	6.21747779846191	NA	7.65061378479004	7.43214178085327	8.10785865783691	7.54723644256592	6.78492021560669	7.24319648742676	NA	6.91010189056396	6.35667037963867	NA	NA	NA	NA	NA	NA	NA	NA	NA	NA	NA	NA	NA	NA	NA	5.48839282989502	NA	NA	NA	NA	6.60976696014404	7.56127452850342	6.78332805633545	NA	NA	NA	NA	NA	NA	NA	NA
"21"	"Q6ZVH7"	"Espin-like protein"	"ESPNL_HUMAN"	"ESPNL"	5	NA	NA	NA	NA	NA	NA	NA	NA	6.19353294372559	5.95984792709351	6.38662338256836	6.19872570037842	NA	NA	NA	NA	NA	NA	NA	NA	NA	NA	NA	NA	NA	NA	NA	NA	NA	NA	NA	7.08171653747559	NA	NA	NA	NA	5.27180957794189	5.70909023284912	NA	NA	NA	NA	NA	NA	NA	NA	NA	NA
"22"	"P07332"	"Tyrosine-protein kinase Fes/Fps"	"FES_HUMAN"	"FES"	4	NA	6.44659233093262	NA	NA	6.26702928543091	NA	6.22910594940186	5.81824541091919	NA	6.28255414962769	NA	5.73447895050049	NA	NA	NA	NA	4.79621315002441	5.96980428695679	NA	5.74674510955811	6.29241323471069	NA	NA	NA	NA	NA	NA	NA	6.21118211746216	6.30950212478638	NA	NA	6.41342306137085	6.52601909637451	5.86076068878174	6.38596677780151	NA	NA	NA	NA	NA	NA	NA	NA	5.62911510467529	4.77236938476563	NA	NA
"23"	"P15408"	"Fos-related antigen 2"	"FOSL2_HUMAN"	"FOSL2"	2	NA	6.31965351104736	NA	NA	5.74542093276978	NA	5.73542833328247	NA	NA	4.97256946563721	4.75778102874756	NA	4.85412788391113	5.6176438331604	6.2329363822937	6.32840156555176	6.51771926879883	5.13079643249512	NA	4.43463659286499	NA	NA	NA	NA	NA	NA	NA	NA	NA	NA	NA	6.20273733139038	6.30773591995239	NA	5.60913181304932	NA	NA	NA	NA	NA	NA	NA	NA	NA	5.09469175338745	5.38201475143433	NA	NA
"24"	"Q96IV6"	"Fatty acid hydroxylase domain-containing protein 2"	"FXDC2_HUMAN"	"FAXDC2"	2	6.36954021453857	NA	NA	NA	6.30813932418823	NA	5.88953399658203	NA	NA	7.14081430435181	7.25268697738647	NA	6.70709562301636	7.28372287750244	7.1115026473999	7.36154079437256	6.68420267105103	6.71774005889893	5.80992794036865	NA	NA	NA	NA	NA	7.21354722976685	6.58628559112549	NA	NA	NA	NA	NA	NA	NA	NA	NA	NA	NA	6.2566614151001	NA	NA	NA	NA	NA	NA	NA	6.41840267181396	NA	NA
"25"	"Q9NXK8"	"F-box/LRR-repeat protein 12"	"FXL12_HUMAN"	"FBXL12"	4	NA	6.46087408065796	NA	NA	5.89058113098145	NA	NA	NA	5.60179710388184	6.9302191734314	5.74256944656372	6.8976845741272	NA	6.24761581420898	NA	6.62500905990601	NA	NA	NA	NA	NA	NA	NA	NA	NA	NA	NA	NA	NA	6.05501556396484	NA	5.17761850357056	NA	5.87514591217041	NA	NA	NA	NA	NA	NA	NA	NA	6.83151817321777	NA	NA	NA	NA	NA
"26"	"P14672"	"Solute carrier family 2, facilitated glucose transporter member 4"	"GLUT4_HUMAN"	"SLC2A4"	2	NA	5.76353359222412	NA	NA	4.94169521331787	6.48685550689697	4.99866199493408	5.11656951904297	6.09561395645142	5.28778600692749	NA	NA	6.37893295288086	NA	NA	NA	NA	NA	5.6632022857666	NA	5.71245813369751	NA	NA	NA	NA	6.00203466415405	NA	NA	5.91451215744019	NA	NA	NA	NA	NA	6.73342418670654	5.08013963699341	NA	5.51679658889771	NA	NA	6.24093246459961	5.07243728637695	NA	5.20031356811523	NA	NA	NA	NA
"27"	"Q96QA5"	"Gasdermin-A"	"GSDMA_HUMAN"	"GSDMA"	8	NA	NA	NA	NA	NA	NA	6.09858798980713	NA	NA	7.3055591583252	6.70104694366455	NA	NA	NA	NA	NA	NA	6.98652935028076	NA	NA	NA	NA	NA	NA	6.75165748596191	6.59985208511353	6.95696210861206	7.23058128356934	NA	NA	NA	9.75296592712402	6.76640892028809	NA	NA	NA	7.11894178390503	NA	7.39915084838867	NA	6.63906717300415	NA	NA	NA	NA	7.29860162734985	NA	NA
"28"	"Q8TAX9"	"Gasdermin-B"	"GSDMB_HUMAN"	"GSDMB"	17	NA	NA	NA	NA	7.17656755447388	NA	NA	NA	10.4028263092041	10.3485479354858	10.3679332733154	10.3343410491943	7.16004323959351	NA	NA	NA	NA	NA	NA	NA	NA	NA	NA	NA	NA	NA	NA	NA	NA	NA	NA	6.38882541656494	NA	NA	NA	NA	8.70036029815674	8.44691562652588	8.51887989044189	8.15274620056152	NA	NA	NA	NA	NA	NA	NA	NA
"29"	"P11169;Q8TDB8"	"Solute carrier family 2, facilitated glucose transporter member 3;Solute carrier family 2, facilitated glucose transporter member 14"	"GTR3_HUMAN"	"SLC2A3;SLC2A14"	4	6.21728897094727	NA	NA	6.74390411376953	6.42344808578491	5.87942504882813	NA	5.36910009384155	6.46029901504517	4.97663593292236	6.76041698455811	NA	7.2506251335144	6.61156558990479	7.13551378250122	5.94461727142334	NA	6.76098823547363	5.98637723922729	6.14974021911621	5.97268581390381	NA	NA	NA	NA	NA	NA	NA	NA	NA	NA	NA	NA	NA	NA	NA	NA	NA	NA	NA	NA	NA	NA	NA	NA	NA	NA	NA
"30"	"Q9UII4"	"E3 ISG15--protein ligase HERC5"	"HERC5_HUMAN"	"HERC5"	34	NA	6.38025569915771	NA	NA	NA	NA	NA	NA	9.1534538269043	9.09790897369385	9.14463043212891	9.12000179290771	NA	NA	NA	5.07509803771973	5.52883911132813	NA	NA	NA	NA	NA	NA	NA	NA	NA	NA	5.4578423500061	5.0628776550293	NA	5.47406101226807	NA	NA	NA	NA	NA	8.33909893035889	8.20576095581055	8.2264404296875	8.43787956237793	NA	NA	NA	NA	NA	NA	5.29660654067993	NA
"31"	"Q8IVU3"	"Probable E3 ubiquitin-protein ligase HERC6"	"HERC6_HUMAN"	"HERC6"	41	5.45660543441772	NA	NA	NA	6.87345933914185	NA	NA	NA	10.6055221557617	10.6428756713867	10.7899894714355	10.7565793991089	NA	NA	NA	NA	NA	NA	NA	NA	NA	NA	NA	NA	NA	NA	NA	NA	NA	NA	NA	NA	NA	NA	NA	NA	9.87370872497559	9.96567344665527	9.93793106079102	9.89656639099121	NA	NA	NA	NA	NA	NA	NA	NA
"32"	"P17693"	"HLA class I histocompatibility antigen, alpha chain G"	"HLAG_HUMAN"	"HLA-G"	2	NA	5.4958233833313	NA	5.84589385986328	4.53528213500977	5.80264902114868	5.51207780838013	NA	5.8465518951416	6.72700071334839	6.39986133575439	6.32153844833374	5.98376274108887	6.25354385375977	5.84164810180664	4.37793397903442	NA	NA	NA	3.84400582313538	NA	NA	NA	NA	NA	4.73112821578979	6.1944751739502	NA	NA	NA	NA	NA	NA	NA	NA	NA	3.98405289649963	NA	NA	NA	NA	NA	NA	NA	4.67778730392456	NA	NA	NA
"33"	"P83110"	"Serine protease HTRA3"	"HTRA3_HUMAN"	"HTRA3"	5	NA	NA	NA	NA	NA	NA	NA	NA	7.3204984664917	7.81875610351563	7.49474096298218	7.80197477340698	7.46473169326782	7.59058427810669	7.91293811798096	7.87001466751099	NA	NA	NA	NA	NA	NA	NA	NA	NA	NA	NA	NA	NA	NA	NA	NA	NA	NA	NA	NA	NA	5.94667530059814	5.80151081085205	6.26162958145142	5.86039638519287	NA	5.89778900146484	NA	NA	NA	NA	NA
"34"	"P41134"	"DNA-binding protein inhibitor ID-1"	"ID1_HUMAN"	"ID1"	2	NA	7.66162300109863	8.30513095855713	8.0054759979248	NA	7.64977025985718	NA	NA	NA	NA	NA	NA	7.49817705154419	7.35982036590576	8.00870800018311	7.92395782470703	7.38865900039673	7.44447040557861	NA	NA	7.76114130020142	7.50432205200195	7.54579305648804	NA	NA	NA	NA	NA	NA	NA	NA	NA	NA	NA	NA	NA	NA	NA	NA	NA	7.68835926055908	NA	NA	NA	7.57903146743774	7.42249822616577	NA	NA
"35"	"Q53G44"	"Interferon-induced protein 44-like"	"IF44L_HUMAN"	"IFI44L"	23	NA	3.80914831161499	NA	NA	NA	NA	NA	NA	12.2056150436401	12.0998821258545	12.2680053710938	12.2647409439087	NA	NA	NA	NA	NA	NA	NA	NA	NA	NA	NA	NA	NA	NA	NA	NA	NA	NA	NA	NA	NA	NA	NA	NA	11.1674966812134	11.1121625900269	11.1402359008789	11.1102905273438	NA	NA	NA	NA	NA	NA	NA	NA
"36"	"P40305"	"Interferon alpha-inducible protein 27, mitochondrial"	"IFI27_HUMAN"	"IFI27"	2	NA	NA	NA	NA	NA	NA	NA	NA	8.30333805084229	8.12827014923096	8.4255485534668	8.74896430969238	NA	NA	NA	NA	NA	NA	NA	NA	NA	NA	NA	NA	NA	NA	NA	NA	NA	NA	NA	NA	NA	NA	NA	NA	6.42214632034302	6.69492816925049	NA	6.17880582809448	NA	NA	NA	NA	NA	NA	NA	NA
"37"	"P09912"	"Interferon alpha-inducible protein 6"	"IFI6_HUMAN"	"IFI6"	2	NA	NA	NA	NA	NA	NA	NA	NA	10.5840253829956	10.7862510681152	10.5315523147583	10.8158311843872	4.86647367477417	NA	NA	NA	NA	NA	NA	NA	NA	NA	NA	NA	NA	NA	NA	NA	NA	NA	NA	NA	NA	NA	NA	NA	9.99784183502197	9.84750652313232	9.90085792541504	9.94146060943604	5.11148118972778	NA	NA	NA	NA	NA	NA	NA
"38"	"P17181"	"Interferon alpha/beta receptor 1"	"INAR1_HUMAN"	"IFNAR1"	6	NA	6.41509389877319	NA	NA	NA	NA	NA	NA	NA	NA	NA	NA	7.43338203430176	6.77610683441162	7.52499580383301	6.79415845870972	NA	NA	NA	7.06095933914185	NA	7.06286096572876	6.82953548431396	NA	7.07670021057129	NA	6.58687591552734	6.81115007400513	7.4555196762085	NA	NA	NA	NA	7.20283174514771	NA	NA	NA	7.36931228637695	NA	NA	NA	NA	NA	7.01840019226074	NA	6.73022317886353	NA	NA
"39"	"P16144"	"Integrin beta-4"	"ITB4_HUMAN"	"ITGB4"	6	6.2700514793396	NA	5.98547172546387	NA	NA	5.99114990234375	NA	NA	6.41595029830933	6.2885479927063	6.2036919593811	6.43055295944214	NA	NA	6.28152990341187	6.40397644042969	5.45700025558472	5.93510055541992	5.85847806930542	NA	NA	5.2572283744812	NA	NA	NA	NA	NA	NA	NA	NA	NA	NA	6.45272397994995	NA	NA	NA	5.95636796951294	NA	NA	6.06375122070313	NA	NA	5.20167016983032	5.00241279602051	NA	NA	NA	NA
"40"	"Q9HCP0"	"Casein kinase I isoform gamma-1"	"KC1G1_HUMAN"	"CSNK1G1"	1	6.27615547180176	NA	NA	NA	5.92845153808594	NA	NA	6.67724370956421	5.91758871078491	6.69778299331665	6.07381677627563	7.25040912628174	NA	NA	NA	NA	NA	NA	NA	5.89760112762451	5.91253280639648	NA	NA	NA	NA	NA	NA	NA	NA	NA	NA	NA	NA	4.30230140686035	NA	NA	NA	NA	NA	NA	NA	NA	NA	NA	NA	NA	NA	NA
"41"	"P24043"	"Laminin subunit alpha-2"	"LAMA2_HUMAN"	"LAMA2"	8	NA	6.22625160217285	NA	NA	NA	NA	NA	6.62258577346802	7.57158088684082	6.99316883087158	6.25725793838501	6.8642315864563	6.74686002731323	7.13722610473633	7.07660913467407	7.22979879379272	NA	NA	NA	NA	NA	NA	NA	NA	NA	NA	NA	6.41109609603882	NA	NA	NA	NA	NA	NA	NA	NA	NA	NA	NA	NA	NA	NA	NA	NA	NA	NA	NA	NA
"42"	"Q9UQV4"	"Lysosome-associated membrane glycoprotein 3"	"LAMP3_HUMAN"	"LAMP3"	3	NA	NA	NA	NA	NA	NA	NA	NA	10.9513473510742	11.2158994674683	10.9478874206543	10.8895969390869	NA	NA	NA	NA	NA	NA	NA	NA	NA	NA	NA	NA	NA	NA	NA	NA	NA	NA	NA	NA	NA	NA	NA	NA	9.37660884857178	9.51930904388428	9.20122337341309	9.29039859771729	NA	NA	NA	NA	NA	NA	NA	NA
"43"	"P61968"	"LIM domain transcription factor LMO4"	"LMO4_HUMAN"	"LMO4"	1	NA	7.52937841415405	7.07778310775757	NA	6.95081901550293	7.02828454971313	6.32683324813843	6.84406661987305	NA	NA	7.36277484893799	NA	7.75958681106567	6.88848924636841	NA	NA	NA	NA	7.32907581329346	NA	NA	NA	NA	NA	NA	NA	NA	NA	NA	6.99888324737549	NA	NA	NA	NA	6.85267639160156	NA	NA	7.18566560745239	NA	NA	NA	7.40102386474609	NA	NA	NA	NA	NA	NA
"44"	"Q6ZN17"	"Protein lin-28 homolog B"	"LN28B_HUMAN"	"LIN28B"	7	NA	NA	NA	NA	NA	NA	NA	NA	7.62545347213745	7.67069959640503	7.38149070739746	7.44426918029785	7.12015676498413	7.50445461273193	7.49819946289063	7.50488328933716	NA	NA	NA	NA	NA	NA	NA	NA	NA	NA	NA	NA	NA	NA	NA	NA	NA	NA	NA	NA	5.59614992141724	NA	NA	5.03228187561035	NA	NA	6.45208930969238	NA	NA	NA	NA	NA
"45"	"Q9H1A3"	"Protein-L-histidine N-pros-methyltransferase"	"METL9_HUMAN"	"METTL9"	4	6.03074502944946	6.87433195114136	NA	NA	7.03812456130981	NA	NA	6.72740888595581	6.95031356811523	7.31489944458008	6.74727058410645	7.0995020866394	NA	NA	NA	6.85247707366943	6.95701694488525	7.45195960998535	NA	6.64011669158936	NA	6.73062038421631	6.73335313796997	NA	6.6150279045105	6.71444272994995	NA	NA	NA	NA	NA	NA	NA	NA	NA	NA	NA	NA	NA	NA	NA	NA	NA	NA	6.9000768661499	NA	NA	6.52721929550171
"46"	"P55001"	"Microfibrillar-associated protein 2"	"MFAP2_HUMAN"	"MFAP2"	1	7.48549509048462	7.32444667816162	NA	NA	NA	NA	NA	NA	8.70935535430908	9.2609395980835	9.09115028381348	8.80064392089844	8.89727306365967	8.35375118255615	8.21876430511475	8.22417449951172	6.93848323822021	NA	NA	6.9537525177002	NA	NA	NA	NA	NA	NA	NA	7.23715019226074	NA	NA	NA	5.86189889907837	NA	NA	NA	NA	NA	NA	NA	NA	NA	NA	6.09788417816162	NA	NA	6.34433889389038	NA	NA
"47"	"Q09328"	"Alpha-1,6-mannosylglycoprotein 6-beta-N-acetylglucosaminyltransferase A"	"MGT5A_HUMAN"	"MGAT5"	5	NA	NA	6.82079410552979	NA	NA	4.11708068847656	NA	NA	NA	6.85462617874146	NA	NA	NA	NA	6.08704710006714	5.67256832122803	NA	NA	6.15685415267944	NA	NA	5.68659973144531	NA	NA	6.18999910354614	5.77506637573242	6.1894998550415	5.47031497955322	NA	NA	4.64395332336426	NA	NA	NA	NA	NA	NA	NA	NA	5.71384954452515	NA	NA	NA	5.70736694335938	5.81763458251953	6.41021823883057	NA	NA
"48"	"Q8N339"	"Metallothionein-1M"	"MT1M_HUMAN"	"MT1M"	1	NA	NA	5.97824287414551	NA	NA	5.55401706695557	5.53376150131226	5.22411727905273	5.99065399169922	NA	5.78692960739136	4.55958461761475	NA	NA	NA	NA	5.92033576965332	5.49026155471802	4.95145463943481	5.44400930404663	NA	5.09887027740479	NA	NA	NA	NA	NA	NA	NA	NA	NA	5.14953947067261	NA	NA	NA	NA	6.4348201751709	6.41534996032715	NA	6.40826368331909	NA	NA	5.88842821121216	5.28819561004639	5.15566205978394	NA	NA	NA
"49"	"P20592"	"Interferon-induced GTP-binding protein Mx2"	"MX2_HUMAN"	"MX2"	21	NA	NA	NA	NA	NA	NA	4.65632820129395	NA	8.80181694030762	8.79462432861328	8.75825595855713	8.73139572143555	NA	NA	NA	NA	NA	NA	NA	NA	NA	NA	NA	NA	NA	NA	NA	NA	NA	NA	NA	NA	NA	NA	NA	4.33793830871582	6.83249092102051	6.35693168640137	6.53070020675659	NA	NA	NA	NA	NA	NA	NA	NA	NA
"50"	"Q69YL0"	"Protein NCBP2AS2"	"NCAS2_HUMAN"	"NCBP2AS2"	2	NA	6.16100311279297	NA	NA	NA	NA	NA	6.91884136199951	7.00884962081909	7.07409524917603	6.97412490844727	7.43810319900513	NA	7.14555168151855	NA	6.77013111114502	NA	NA	3.83755779266357	6.25645160675049	5.60908317565918	6.23902368545532	6.29623460769653	NA	NA	NA	NA	7.39516925811768	NA	NA	NA	NA	NA	6.57629442214966	NA	NA	5.4953351020813	NA	NA	NA	NA	NA	NA	NA	NA	NA	6.65535068511963	NA
"51"	"O75469"	"Nuclear receptor subfamily 1 group I member 2"	"NR1I2_HUMAN"	"NR1I2"	6	NA	6.46523475646973	NA	NA	6.10699558258057	NA	NA	NA	6.59280443191528	7.14826536178589	6.8868236541748	6.84088087081909	NA	NA	6.44161510467529	NA	NA	NA	NA	NA	NA	NA	6.75947952270508	NA	NA	NA	NA	NA	NA	NA	6.17608833312988	6.2593469619751	5.82847785949707	NA	NA	NA	NA	6.28360271453857	NA	6.97695350646973	NA	NA	NA	NA	NA	NA	NA	NA
"52"	"Q9NZQ7"	"Programmed cell death 1 ligand 1"	"PD1L1_HUMAN"	"CD274"	4	NA	NA	NA	NA	NA	NA	NA	NA	7.64790105819702	8.06757068634033	7.60787630081177	7.70620918273926	NA	NA	NA	NA	NA	NA	NA	NA	NA	NA	NA	NA	NA	NA	NA	NA	NA	NA	NA	NA	NA	NA	NA	NA	6.23842906951904	6.46833944320679	NA	6.45495653152466	NA	NA	NA	NA	NA	NA	NA	NA
"53"	"Q15198"	"Platelet-derived growth factor receptor-like protein"	"PGFRL_HUMAN"	"PDGFRL"	2	NA	NA	NA	NA	NA	NA	NA	5.77843379974365	6.14791679382324	6.69196224212646	6.59092283248901	6.36889553070068	7.15458154678345	NA	6.71285104751587	6.33860206604004	NA	NA	NA	NA	NA	5.48002338409424	NA	NA	NA	NA	NA	NA	NA	NA	NA	NA	NA	NA	NA	NA	NA	NA	4.71475410461426	NA	NA	NA	NA	NA	NA	NA	NA	NA
"54"	"Q6ZVD8"	"PH domain leucine-rich repeat-containing protein phosphatase 2"	"PHLP2_HUMAN"	"PHLPP2"	5	NA	5.83321237564087	NA	NA	NA	NA	NA	6.35952234268188	5.9002742767334	6.48113584518433	4.52346229553223	NA	NA	NA	6.70870113372803	NA	6.31686449050903	5.10467052459717	NA	5.24950647354126	4.94373464584351	NA	6.38484811782837	NA	5.44167375564575	NA	NA	NA	NA	NA	5.45429134368896	NA	NA	NA	NA	NA	5.11568069458008	5.31689643859863	6.8409686088562	6.68766784667969	NA	NA	NA	5.57581901550293	NA	NA	6.01061534881592	NA
"55"	"Q13835"	"Plakophilin-1"	"PKP1_HUMAN"	"PKP1"	5	NA	NA	NA	NA	NA	NA	5.48752927780151	6.49230051040649	NA	6.77362537384033	NA	NA	NA	7.34636211395264	6.84167718887329	NA	NA	NA	NA	NA	6.07547283172607	6.30600833892822	NA	NA	6.72775316238403	6.97004842758179	7.36634635925293	7.76781415939331	7.14217376708984	6.51995420455933	NA	8.69837760925293	NA	NA	NA	NA	NA	NA	8.03881740570068	NA	NA	7.06594371795654	NA	6.35427570343018	NA	NA	NA	6.48259592056274
"56"	"Q9NQV6"	"PR domain zinc finger protein 10"	"PRD10_HUMAN"	"PRDM10"	4	NA	4.80779504776001	NA	NA	NA	NA	NA	NA	5.85058498382568	6.04406547546387	6.42753601074219	5.55335092544556	6.12256860733032	NA	NA	NA	NA	NA	4.76646852493286	NA	NA	NA	NA	NA	NA	NA	6.18028593063354	6.03047800064087	NA	NA	NA	NA	NA	6.7572546005249	NA	NA	6.51845073699951	NA	6.0676474571228	5.16849851608276	5.60881853103638	NA	NA	5.62949800491333	NA	NA	NA	NA
"57"	"P08575"	"Receptor-type tyrosine-protein phosphatase C"	"PTPRC_HUMAN"	"PTPRC"	8	NA	NA	NA	NA	6.90431690216064	6.97995567321777	7.39834213256836	NA	NA	7.03627681732178	6.73253726959229	NA	NA	NA	NA	NA	NA	NA	NA	NA	6.44056844711304	NA	6.51195812225342	NA	NA	6.86326313018799	7.00994729995728	NA	6.48941564559937	6.58567571640015	6.74646472930908	6.60526418685913	NA	6.61893653869629	6.8137149810791	NA	6.87824440002441	6.67885589599609	NA	NA	NA	NA	NA	NA	NA	6.70503187179565	NA	NA
"58"	"Q16769"	"Glutaminyl-peptide cyclotransferase"	"QPCT_HUMAN"	"QPCT"	2	NA	NA	NA	NA	6.21043014526367	NA	NA	6.51826858520508	6.80228996276855	6.50040102005005	6.73395824432373	7.25926542282104	6.83132314682007	6.66293478012085	NA	NA	NA	NA	NA	NA	6.10249614715576	NA	NA	NA	NA	NA	NA	NA	NA	NA	NA	8.03304290771484	NA	NA	NA	NA	NA	NA	NA	NA	NA	NA	NA	NA	NA	NA	NA	NA
"59"	"Q8WXG1"	"S-adenosylmethionine-dependent nucleotide dehydratase RSAD2"	"RSAD2_HUMAN"	"RSAD2"	15	NA	NA	NA	NA	NA	NA	NA	NA	11.4003877639771	11.3702068328857	11.3009624481201	11.4124279022217	NA	NA	NA	NA	NA	NA	NA	NA	NA	NA	NA	NA	NA	NA	NA	NA	NA	NA	NA	NA	NA	NA	NA	NA	9.87348079681396	9.76115322113037	9.78911304473877	9.67006206512451	NA	NA	NA	NA	NA	NA	NA	NA
"60"	"Q8IY34"	"Solute carrier family 15 member 3"	"S15A3_HUMAN"	"SLC15A3"	6	NA	NA	NA	NA	NA	NA	NA	NA	9.47880744934082	9.38961696624756	9.39911079406738	9.5175313949585	NA	NA	NA	NA	NA	NA	NA	NA	NA	NA	NA	NA	NA	NA	NA	NA	NA	NA	NA	NA	NA	NA	NA	NA	7.76782035827637	7.96148920059204	8.05911064147949	7.90679883956909	NA	NA	NA	NA	NA	NA	5.10032081604004	NA
"61"	"Q8IVG5"	"Sterile alpha motif domain-containing protein 9-like"	"SAM9L_HUMAN"	"SAMD9L"	37	NA	NA	NA	NA	NA	NA	NA	NA	8.46463394165039	8.57580280303955	8.61063385009766	8.48889923095703	NA	NA	6.71493577957153	NA	NA	NA	NA	NA	NA	NA	NA	NA	NA	NA	NA	NA	NA	3.97336316108704	NA	NA	NA	4.79479646682739	NA	NA	7.74938726425171	7.47939109802246	7.16292905807495	7.42452478408813	NA	NA	NA	NA	NA	NA	NA	NA
"62"	"P0C6L3;P29996"	"Small delta antigen;Large delta antigen"	"SHDAG_HDVD3"	NA	6	NA	NA	NA	NA	NA	NA	NA	NA	12.8983592987061	12.5838680267334	12.7930059432983	12.9344539642334	NA	NA	NA	NA	NA	NA	NA	NA	NA	NA	NA	NA	NA	NA	NA	NA	NA	NA	NA	NA	NA	NA	NA	NA	11.2021255493164	11.0650033950806	11.2114400863647	10.9414949417114	NA	NA	NA	NA	NA	NA	NA	NA
"63"	"Q6IEG0"	"U11/U12 small nuclear ribonucleoprotein 48 kDa protein"	"SNR48_HUMAN"	"SNRNP48"	4	NA	6.87650442123413	NA	5.28654861450195	6.21076583862305	NA	NA	NA	6.38609790802002	NA	NA	NA	NA	NA	NA	6.85832262039185	NA	6.13915157318115	6.55856609344482	NA	NA	NA	NA	NA	NA	NA	NA	6.16563367843628	6.59681844711304	NA	6.06246900558472	NA	NA	NA	NA	7.01220893859863	6.81338167190552	7.10229444503784	NA	NA	7.5342755317688	6.671067237854	6.946861743927	6.28932285308838	6.98012781143188	NA	NA	NA
"64"	"Q9HB58"	"Sp110 nuclear body protein"	"SP110_HUMAN"	"SP110"	10	NA	NA	NA	NA	NA	NA	NA	NA	8.90674781799316	8.69548606872559	8.42480373382568	8.59691333770752	NA	NA	6.11610746383667	NA	NA	NA	NA	NA	NA	NA	NA	NA	NA	5.1387414932251	NA	NA	NA	5.98430395126343	NA	NA	NA	5.85427188873291	6.6376895904541	NA	7.54542779922485	7.650954246521	7.67293214797974	6.89356088638306	NA	NA	NA	NA	NA	5.75493764877319	NA	NA
"65"	"Q9UBI4"	"Stomatin-like protein 1"	"STML1_HUMAN"	"STOML1"	6	NA	NA	NA	NA	NA	NA	6.32250690460205	5.36895751953125	6.46950197219849	6.44287443161011	7.16274881362915	NA	7.11407613754272	6.77310180664063	6.61363410949707	7.47404336929321	NA	NA	NA	NA	6.46321678161621	6.49337863922119	6.19468975067139	6.81281185150146	NA	NA	6.66704702377319	NA	NA	NA	NA	NA	NA	7.04081869125366	NA	NA	NA	6.73491907119751	NA	NA	NA	NA	NA	NA	NA	NA	NA	NA
"66"	"O75558"	"Syntaxin-11"	"STX11_HUMAN"	"STX11"	7	6.75042247772217	NA	NA	NA	NA	NA	NA	6.7091703414917	7.47457790374756	6.71802520751953	7.36233854293823	7.71554946899414	6.98453330993652	NA	NA	6.82969331741333	NA	NA	NA	NA	NA	NA	NA	NA	NA	6.31131601333618	NA	NA	NA	NA	NA	NA	NA	NA	NA	NA	NA	6.67297744750977	NA	7.09209632873535	NA	NA	NA	6.85205173492432	NA	NA	NA	NA
"67"	"Q8NFZ5"	"TNFAIP3-interacting protein 2"	"TNIP2_HUMAN"	"TNIP2"	5	6.26918840408325	NA	5.70900392532349	NA	NA	NA	NA	NA	NA	5.86555433273315	5.93622159957886	6.05246543884277	6.1963095664978	5.77479982376099	NA	6.41036748886108	NA	NA	NA	6.66078186035156	4.88626050949097	6.0834846496582	NA	NA	NA	NA	NA	NA	NA	NA	5.43866729736328	NA	5.02337312698364	6.02726650238037	NA	NA	6.50707960128784	NA	6.17979001998901	NA	5.8092794418335	NA	NA	NA	6.18217802047729	5.12871360778809	6.00399208068848	5.10598945617676
"68"	"Q13641"	"Trophoblast glycoprotein"	"TPBG_HUMAN"	"TPBG"	3	6.88737440109253	NA	NA	NA	6.05876874923706	NA	NA	5.07804918289185	NA	NA	6.27808856964111	NA	6.39631271362305	6.73455953598022	6.80745267868042	6.66869020462036	6.33967161178589	NA	NA	NA	NA	NA	NA	NA	NA	NA	NA	NA	NA	NA	NA	NA	NA	NA	NA	NA	NA	4.90373182296753	NA	NA	NA	NA	NA	NA	NA	NA	NA	NA
"69"	"Q9UMW8"	"Ubl carboxyl-terminal hydrolase 18"	"UBP18_HUMAN"	"USP18"	10	NA	NA	NA	NA	NA	NA	NA	5.18998193740845	11.8076028823853	11.8515214920044	11.9273643493652	11.7933464050293	6.44910764694214	NA	NA	NA	NA	NA	NA	NA	NA	NA	NA	NA	NA	NA	5.27695178985596	5.58657026290894	NA	NA	NA	5.82994365692139	NA	6.35617399215698	NA	NA	10.484354019165	10.7348175048828	10.7632179260254	10.7165002822876	NA	NA	NA	6.56581783294678	NA	NA	NA	NA
"70"	"Q8N567"	"Zinc finger CCHC domain-containing protein 9"	"ZCHC9_HUMAN"	"ZCCHC9"	2	NA	NA	NA	NA	NA	NA	8.03985023498535	NA	NA	NA	NA	NA	NA	7.65944385528564	NA	NA	NA	NA	7.59778451919556	NA	8.31041240692139	7.54049587249756	NA	NA	NA	NA	NA	NA	NA	NA	NA	NA	8.59789180755615	7.56311559677124	8.28246116638184	7.27365779876709	NA	NA	NA	NA	NA	NA	NA	NA	NA	NA	NA	NA
"71"	"Q9Y2D9"	"Zinc finger protein 652"	"ZN652_HUMAN"	"ZNF652"	4	NA	NA	NA	NA	5.44743251800537	4.93707799911499	5.35146427154541	5.75762510299683	NA	NA	NA	NA	NA	4.57296514511108	4.74256706237793	NA	NA	NA	5.52236080169678	NA	6.34942436218262	4.72618103027344	NA	NA	5.63735818862915	NA	NA	NA	NA	5.44933462142944	5.2581901550293	5.31622838973999	5.16380167007446	NA	5.28438282012939	NA	NA	6.71758031845093	4.89648675918579	NA	NA	NA	NA	6.05835676193237	NA	NA	NA	NA
