Category	Term	Count	%	PValue	Genes	List Total	Pop Hits	Pop Total	Fold Enrichment	Bonferroni	Benjamini	FDR
GOTERM_CC_DIRECT	GO:0005576~extracellular region	18	85.71428571428571	2.0724530498466698E-14	7057, 5176, 2243, 2331, 116519, 1291, 4060, 83706, 1522, 730, 2335, 335, 2267, 2244, 2266, 348, 727, 5648	21	2172	20521	8.098263614838201	1.5155654509158012E-12	1.0432105351471167E-12	8.145616507313103E-13
GOTERM_CC_DIRECT	GO:0005577~fibrinogen complex	6	28.57142857142857	2.85811105519758E-14	7057, 2335, 2267, 2244, 2266, 2243	21	8	20521	732.892857142857	2.082889416499256E-12	1.0432105351471167E-12	8.145616507313103E-13
GOTERM_CC_DIRECT	GO:0005615~extracellular space	16	76.19047619047619	3.748221644392253E-12	7057, 5176, 2243, 2331, 116519, 4060, 1522, 730, 2335, 335, 2267, 2244, 2266, 348, 727, 5648	21	1931	20521	8.096865675322432	2.7362034860090034E-10	9.120672668021148E-11	7.12162112434528E-11
UP_KW_CELLULAR_COMPONENT	KW-0964~Secreted	16	76.19047619047619	1.4929103270404634E-10	7057, 5176, 2243, 2331, 116519, 1291, 4060, 730, 2335, 335, 2267, 2244, 2266, 348, 727, 5648	21	2174	17910	6.276777500328558	2.5379474077880104E-9	2.5379475559687876E-9	2.5379475559687876E-9
GOTERM_CC_DIRECT	GO:0005788~endoplasmic reticulum lumen	9	42.857142857142854	2.666944092120881E-10	7057, 1522, 2335, 335, 2266, 348, 2243, 116519, 1291	21	310	20521	28.370046082949308	1.9468694212321225E-8	4.8671729681206085E-9	3.800395331272256E-9
GOTERM_CC_DIRECT	GO:0070062~extracellular exosome	15	71.42857142857143	6.759446798184796E-10	7057, 5176, 2243, 1291, 4060, 83706, 1522, 730, 2335, 335, 2244, 2266, 348, 635, 727	21	2241	20521	6.54076623956142	4.934395703148908E-8	9.8687923253498E-9	7.705769349930667E-9
GOTERM_CC_DIRECT	GO:0031093~platelet alpha granule lumen	6	28.57142857142857	5.1309276056502224E-9	7057, 2335, 2244, 2266, 2243, 83706	21	68	20521	86.22268907563024	3.745576435676412E-7	6.242628586874437E-8	4.874381225367711E-8
GOTERM_MF_DIRECT	GO:0005102~receptor binding	8	38.095238095238095	5.174644983385734E-8	2335, 335, 2267, 2244, 2266, 348, 2243, 727	20	380	18883	19.876842105263158	3.8809763037717104E-6	3.5575813178206355E-6	3.0358027245402757E-6
UP_KW_DOMAIN	KW-0732~Signal	17	80.95238095238095	5.778483546638795E-8	7057, 5176, 2243, 2331, 116519, 1291, 4060, 1522, 730, 2335, 335, 2267, 2244, 2266, 348, 727, 5648	18	4412	14600	3.1253147980255864	5.200633990121162E-7	5.200635191974916E-7	4.622786837311036E-7
GOTERM_BP_DIRECT	GO:0007160~cell-matrix adhesion	6	28.57142857142857	7.329624612288102E-8	2335, 2267, 2244, 2266, 2243, 83706	21	108	19256	50.94179894179894	2.7559009776800814E-5	2.7559388542203262E-5	2.4994019927902425E-5
GOTERM_MF_DIRECT	GO:0005201~extracellular matrix structural constituent	6	28.57142857142857	9.486883514188361E-8	7057, 2335, 2244, 2266, 2243, 4060	20	118	18883	48.007627118644066	7.115137658830761E-6	3.5575813178206355E-6	3.0358027245402757E-6
GOTERM_BP_DIRECT	GO:0070527~platelet aggregation	5	23.809523809523807	1.4664301055128306E-7	2267, 2244, 2266, 2243, 83706	21	47	19256	97.54812563323202	5.513625593622784E-5	2.7568885983641217E-5	2.5002633298993764E-5
GOTERM_CC_DIRECT	GO:0072562~blood microparticle	6	28.57142857142857	2.504664710833191E-7	2335, 335, 2244, 2266, 348, 2243	21	147	20521	39.885325558794946	1.8283887529113585E-5	2.6120074841546134E-6	2.0395126931070267E-6
GOTERM_CC_DIRECT	GO:0031091~platelet alpha granule	4	19.047619047619047	4.397467854542779E-7	7057, 2244, 2266, 2243	21	16	20521	244.297619047619	3.210100714634567E-5	4.0126894172702854E-6	3.13319584636173E-6
KEGG_PATHWAY	hsa04610:Complement and coagulation cascades	6	28.57142857142857	6.640772320299877E-7	730, 2244, 2266, 2243, 727, 5648	19	86	8662	31.80660954712362	3.253926575819133E-5	3.25397843694694E-5	3.1211629905409425E-5
INTERPRO	IPR020837:Fibrinogen_CS	4	19.047619047619047	7.504982786184766E-7	2267, 2244, 2266, 2243	21	19	20603	206.54636591478695	8.18009971841338E-5	7.314395912466176E-5	7.247291362810522E-5
GOTERM_CC_DIRECT	GO:0031012~extracellular matrix	6	28.57142857142857	1.6814859721656007E-6	7057, 2335, 348, 2331, 1291, 4060	21	216	20521	27.144179894179892	1.2274104586673662E-4	1.3638719552009871E-5	1.0649411157048804E-5
INTERPRO	IPR014716:Fibrinogen_a/b/g_C_1	4	19.047619047619047	2.005012981692136E-6	2267, 2244, 2266, 2243	21	26	20603	150.93772893772893	2.1852275451761383E-4	7.314395912466176E-5	7.247291362810522E-5
INTERPRO	IPR012290:Fibrinogen_a/b/g_coil_dom	3	14.285714285714285	2.6841819862261194E-6	2244, 2266, 2243	21	3	20603	981.0952380952381	2.925334329125784E-4	7.314395912466176E-5	7.247291362810522E-5
INTERPRO	IPR037579:Fibrinogen	3	14.285714285714285	2.6841819862261194E-6	2244, 2266, 2243	21	3	20603	981.0952380952381	2.925334329125784E-4	7.314395912466176E-5	7.247291362810522E-5
UP_SEQ_FEATURE	SITE:Cleavage; by plasmin; to break down fibrin clots	3	14.285714285714285	2.6948941407959795E-6	2244, 2266, 2243	21	3	20562	979.1428571428571	6.384868524470511E-4	3.1934495568432356E-4	3.126077203323336E-4
UP_SEQ_FEATURE	SITE:Cleavage; by hementin; to prevent blood coagulation	3	14.285714285714285	2.6948941407959795E-6	2244, 2266, 2243	21	3	20562	979.1428571428571	6.384868524470511E-4	3.1934495568432356E-4	3.126077203323336E-4
SMART	SM00186:FBG	4	19.047619047619047	4.44505105361727E-6	2267, 2244, 2266, 2243	16	24	10690	111.35416666666666	1.3778739536274287E-4	8.53896360592562E-5	8.53896360592562E-5
INTERPRO	IPR002181:Fibrinogen_a/b/g_C_dom	4	19.047619047619047	4.591816431112972E-6	2267, 2244, 2266, 2243	21	34	20603	115.42296918767506	5.003839063072446E-4	8.341799849855233E-5	8.26526957600335E-5
INTERPRO	IPR036056:Fibrinogen-like_C	4	19.047619047619047	4.591816431112972E-6	2267, 2244, 2266, 2243	21	34	20603	115.42296918767506	5.003839063072446E-4	8.341799849855233E-5	8.26526957600335E-5
UP_SEQ_FEATURE	DOMAIN:Fibrinogen C-terminal	4	19.047619047619047	4.619163559002008E-6	2267, 2244, 2266, 2243	21	34	20562	115.19327731092436	0.0010941452779590355	3.576239227371184E-4	3.5007911424055467E-4
INTERPRO	IPR000074:ApoA_E	3	14.285714285714285	5.365237036165621E-6	335, 348, 116519	21	4	20603	735.8214285714284	5.846414363311903E-4	8.35444052774361E-5	8.277794284369816E-5
SMART	SM01212:Fib_alpha	3	14.285714285714285	5.509008778016529E-6	2244, 2266, 2243	16	3	10690	668.125	1.707651605034055E-4	8.53896360592562E-5	8.53896360592562E-5
UP_SEQ_FEATURE	CARBOHYD:N-linked (GlcNAc...) (complex) asparagine	5	23.809523809523807	6.035846797250943E-6	5176, 730, 2335, 2266, 5648	21	126	20562	38.85487528344671	0.0014294773306623432	3.576239227371184E-4	3.5007911424055467E-4
UP_KW_PTM	KW-0873~Pyrrolidone carboxylic acid	5	23.809523809523807	8.861572120788813E-6	5176, 2335, 2244, 2331, 4060	20	102	14237	34.89460784313726	1.3291533674475442E-4	1.41785153932621E-4	1.1520043757025456E-4
GOTERM_BP_DIRECT	GO:0055090~acylglycerol homeostasis	3	14.285714285714285	1.0229673123543381E-5	335, 348, 116519	21	5	19256	550.1714285714286	0.00383898893613277	0.0011608537710818567	0.00105279557430562
UP_KW_CELLULAR_COMPONENT	KW-0272~Extracellular matrix	6	28.57142857142857	1.113303187483258E-5	7057, 2335, 348, 2331, 1291, 4060	21	278	17910	18.40698869475848	1.8924468637215863E-4	9.463077093607693E-5	9.463077093607693E-5
GOTERM_BP_DIRECT	GO:1900026~positive regulation of substrate adhesion-dependent cell spreading	4	19.047619047619047	1.2349508202998476E-5	335, 2244, 2266, 2243	21	44	19256	83.35930735930735	0.004632679638833848	0.0011608537710818567	0.00105279557430562
OMIM_DISEASE	616004~Dysfibrinogenemia, congenital	3	14.285714285714285	1.283615789971342E-5	2244, 2266, 2243	14	3	6035	431.07142857142856	3.721816914374898E-4	1.8612428954584457E-4	1.8612428954584457E-4
OMIM_DISEASE	202400~Afibrinogenemia, congenital	3	14.285714285714285	1.283615789971342E-5	2244, 2266, 2243	14	3	6035	431.07142857142856	3.721816914374898E-4	1.8612428954584457E-4	1.8612428954584457E-4
GOTERM_MF_DIRECT	GO:0060228~phosphatidylcholine-sterol O-acyltransferase activator activity	3	14.285714285714285	1.43534195261833E-5	335, 348, 116519	20	6	18883	472.075	0.0010759349567789345	3.588354881545825E-4	3.062062832252437E-4
GOTERM_CC_DIRECT	GO:1903561~extracellular vesicle	5	23.809523809523807	1.4888656555008555E-5	335, 2244, 348, 2243, 116519	21	158	20521	30.923749246534058	0.0010862895794677696	1.0868719285156245E-4	8.486534236354877E-5
GOTERM_BP_DIRECT	GO:0072378~blood coagulation, fibrin clot formation	3	14.285714285714285	2.145554797956484E-5	2244, 2266, 2243	21	7	19256	392.9795918367347	0.008034918666633972	0.001360743480303836	0.001234078528679809
GOTERM_BP_DIRECT	GO:0051592~response to calcium ion	4	19.047619047619047	2.1713991706976108E-5	7057, 2244, 2266, 2243	21	53	19256	69.20395327942497	0.008131310113295043	0.001360743480303836	0.001234078528679809
GOTERM_BP_DIRECT	GO:0031639~plasminogen activation	3	14.285714285714285	5.60531795189821E-5	2244, 2266, 2243	21	11	19256	250.07792207792204	0.020856027227583507	0.0026344994373921587	0.0023892667769966117
GOTERM_BP_DIRECT	GO:0090277~positive regulation of peptide hormone secretion	3	14.285714285714285	5.60531795189821E-5	2244, 2266, 2243	21	11	19256	250.07792207792204	0.020856027227583507	0.0026344994373921587	0.0023892667769966117
UP_KW_PTM	KW-0765~Sulfation	4	19.047619047619047	6.572233354042726E-5	2335, 2266, 2331, 4060	20	60	14237	47.45666666666666	9.853815926090803E-4	5.257786683234181E-4	4.271951680127772E-4
GOTERM_BP_DIRECT	GO:0033700~phospholipid efflux	3	14.285714285714285	7.9394579395876E-5	335, 348, 116519	21	13	19256	211.6043956043956	0.029412331358183108	0.0033169290947610416	0.0030081723971104126
GOTERM_CC_DIRECT	GO:0042627~chylomicron	3	14.285714285714285	8.154568898032016E-5	335, 348, 116519	21	14	20521	209.39795918367346	0.005935393563539004	5.411668450512157E-4	4.2255493380711356E-4
KEGG_PATHWAY	hsa05171:Coronavirus disease - COVID-19	6	28.57142857142857	8.678375571560514E-5	730, 2244, 2266, 2243, 727, 5648	19	233	8662	11.739778631127175	0.0042435591098508585	0.002126202015032326	0.0020394182593167207
GOTERM_BP_DIRECT	GO:0034116~positive regulation of heterotypic cell-cell adhesion	3	14.285714285714285	9.256930461988086E-5	2244, 2266, 2243	21	14	19256	196.48979591836735	0.034208850628025256	0.0034806058537075204	0.0031566132875379374
GOTERM_BP_DIRECT	GO:0051258~protein polymerization	3	14.285714285714285	1.380869570183184E-4	2244, 2266, 2243	21	17	19256	161.81512605042016	0.05059924815983963	0.004720063258080701	0.00428069566756787
GOTERM_BP_DIRECT	GO:0042730~fibrinolysis	3	14.285714285714285	1.73407818909563E-4	2244, 2266, 2243	21	19	19256	144.78195488721803	0.06312648368035534	0.005433444992499641	0.004927672187346749
GOTERM_CC_DIRECT	GO:0034361~very-low-density lipoprotein particle	3	14.285714285714285	1.8741375779687393E-4	335, 348, 116519	21	21	20521	139.5986394557823	0.01358930674492842	0.001140100359930983	8.902153495351512E-4
UP_KW_CELLULAR_COMPONENT	KW-0345~HDL	3	14.285714285714285	2.0029287586134187E-4	335, 348, 116519	21	19	17910	134.66165413533832	0.003399528405635288	0.0011349929632142707	0.0011349929632142707
GOTERM_BP_DIRECT	GO:0042157~lipoprotein metabolic process	3	14.285714285714285	2.1269178558996302E-4	335, 348, 116519	21	21	19256	130.99319727891157	0.07686576094675712	0.006151700875525084	0.005579069145090569
GOTERM_BP_DIRECT	GO:0045921~positive regulation of exocytosis	3	14.285714285714285	2.3381525726154427E-4	2244, 2266, 2243	21	22	19256	125.03896103896102	0.08417027031742574	0.006279609766452903	0.005695071623299043
GOTERM_CC_DIRECT	GO:0034364~high-density lipoprotein particle	3	14.285714285714285	2.67108651627613E-4	335, 348, 116519	21	25	20521	117.26285714285713	0.019312611343768826	0.0014999178129858266	0.0011711687032903032
GOTERM_BP_DIRECT	GO:0010596~negative regulation of endothelial cell migration	3	14.285714285714285	2.790158470900026E-4	7057, 5176, 348	21	24	19256	114.6190476190476	0.09960758768360534	0.006993997233722732	0.006342960257179393
UP_SEQ_FEATURE	CARBOHYD:O-linked (GalNAc...) threonine	4	19.047619047619047	2.971145489932616E-4	730, 2335, 348, 2243	21	136	20562	28.79831932773109	0.06800386473354636	0.0140832296222806	0.01378611507328734
GOTERM_BP_DIRECT	GO:1902042~negative regulation of extrinsic apoptotic signaling pathway via death domain receptors	3	14.285714285714285	3.8117951985874984E-4	2244, 2266, 2243	21	28	19256	98.24489795918367	0.13354995451645824	0.008957718716680621	0.008123888516989607
UP_KW_PTM	KW-0325~Glycoprotein	15	71.42857142857143	4.3268814520562126E-4	7057, 5176, 2243, 2331, 1291, 4060, 1522, 730, 2335, 335, 2244, 2266, 348, 727, 5648	20	4801	14237	2.2240679025203085	0.006470700990421685	0.0023076701077633134	0.001874981962557692
GOTERM_BP_DIRECT	GO:0033344~cholesterol efflux	3	14.285714285714285	4.381129245826379E-4	335, 348, 116519	21	30	19256	91.69523809523808	0.15190833664920078	0.009690027037827755	0.008788029840157618
GOTERM_BP_DIRECT	GO:0045907~positive regulation of vasoconstriction	3	14.285714285714285	4.680360463631291E-4	2244, 2266, 2243	21	31	19256	88.73732718894009	0.16140109428580096	0.009776752968474254	0.008866682878323724
GOTERM_BP_DIRECT	GO:0070328~triglyceride homeostasis	3	14.285714285714285	6.321421713143173E-4	335, 348, 116519	21	36	19256	76.4126984126984	0.21160860130711956	0.012509760863904384	0.011345288443062219
GOTERM_BP_DIRECT	GO:2000352~negative regulation of endothelial cell apoptotic process	3	14.285714285714285	6.678486444871655E-4	2244, 2266, 2243	21	37	19256	74.34749034749034	0.22212931228393507	0.012555554516358713	0.011386819388506173
GOTERM_MF_DIRECT	GO:0008201~heparin binding	4	19.047619047619047	7.25824312847209E-4	7057, 2335, 348, 116519	20	179	18883	21.09832402234637	0.05300038165717791	0.011285535575881082	0.009630323691418523
GOTERM_MF_DIRECT	GO:0008289~lipid binding	4	19.047619047619047	9.028428460704865E-4	335, 348, 116519, 83706	20	193	18883	19.567875647668398	0.06550013734780646	0.011285535575881082	0.009630323691418523
GOTERM_MF_DIRECT	GO:0005198~structural molecule activity	4	19.047619047619047	9.028428460704865E-4	2244, 2266, 348, 2243	20	193	18883	19.567875647668398	0.06550013734780646	0.011285535575881082	0.009630323691418523
GOTERM_BP_DIRECT	GO:0050714~positive regulation of protein secretion	3	14.285714285714285	0.0011234125956100587	2244, 2266, 2243	21	48	19256	57.3095238095238	0.3446858764047941	0.02011443504520867	0.018242080719191905
UP_KW_MOLECULAR_FUNCTION	KW-0358~Heparin-binding	3	14.285714285714285	0.001323495061713808	7057, 2335, 348	8	96	11872	46.375	0.011848590894922961	0.011911455555424272	0.011911455555424272
UP_KW_PTM	KW-0558~Oxidation	3	14.285714285714285	0.0014748189648436248	2335, 335, 348	20	43	14237	49.66395348837209	0.021895353061679446	0.005899275859374499	0.004793161635741781
GOTERM_BP_DIRECT	GO:0070374~positive regulation of ERK1 and ERK2 cascade	4	19.047619047619047	0.0015297594055784349	2244, 2266, 348, 2243	21	224	19256	16.374149659863946	0.43764948790235547	0.026144978931704158	0.02371127078646574
GOTERM_BP_DIRECT	GO:0030199~collagen fibril organization	3	14.285714285714285	0.0018078761580267043	2331, 1291, 4060	21	61	19256	45.096018735362996	0.493573783549786	0.02955484501817569	0.026803729125526355
UP_KW_BIOLOGICAL_PROCESS	KW-0399~Innate immunity	5	23.809523809523807	0.00182977247425516	730, 2244, 2243, 727, 5648	16	424	11447	8.436762971698114	0.048246409236156085	0.017040090906207585	0.017040090906207585
UP_KW_BIOLOGICAL_PROCESS	KW-0356~Hemostasis	3	14.285714285714285	0.0018933434340230651	2244, 2266, 2243	16	50	11447	42.926249999999996	0.04988165456703142	0.017040090906207585	0.017040090906207585
UP_KW_BIOLOGICAL_PROCESS	KW-0094~Blood coagulation	3	14.285714285714285	0.0018933434340230651	2244, 2266, 2243	16	50	11447	42.926249999999996	0.04988165456703142	0.017040090906207585	0.017040090906207585
GOTERM_MF_DIRECT	GO:0005518~collagen binding	3	14.285714285714285	0.0019211468165011496	2335, 1291, 4060	20	65	18883	43.576153846153844	0.13430670325219296	0.019122158076441	0.01631757489189632
GOTERM_BP_DIRECT	GO:0030168~platelet activation	3	14.285714285714285	0.0019879148417498967	2244, 2266, 2243	21	64	19256	42.982142857142854	0.5267823772823099	0.031143999187415047	0.028244956709863118
KEGG_PATHWAY	hsa04611:Platelet activation	4	19.047619047619047	0.0019968212563449606	2244, 2266, 2243, 83706	19	124	8662	14.706281833616298	0.09329856396844172	0.03261474718696769	0.03128353301607105
GOTERM_MF_DIRECT	GO:0050839~cell adhesion molecule binding	3	14.285714285714285	0.00203969686148704	2244, 2266, 2243	20	67	18883	42.275373134328355	0.1419848228862437	0.019122158076441	0.01631757489189632
BIOCARTA	h_extrinsicPathway:Extrinsic Prothrombin Activation Pathway	3	14.285714285714285	0.0020667022498920473	2244, 2266, 2243	10	13	1623	37.45384615384616	0.02854834199706846	0.008955709749532205	0.008955709749532205
BIOCARTA	h_lectinPathway:Lectin Induced Complement Pathway	3	14.285714285714285	0.0020667022498920473	730, 727, 5648	10	13	1623	37.45384615384616	0.02854834199706846	0.008955709749532205	0.008955709749532205
BIOCARTA	h_fibrinolysisPathway:Fibrinolysis Pathway	3	14.285714285714285	0.0020667022498920473	2244, 2266, 2243	10	13	1623	37.45384615384616	0.02854834199706846	0.008955709749532205	0.008955709749532205
UP_KW_DISEASE	KW-1008~Amyloidosis	3	14.285714285714285	0.00261347637308155	335, 348, 2243	13	31	4749	35.35235732009926	0.028375505902158538	0.028748240103897052	0.028748240103897052
UP_SEQ_FEATURE	MOTIF:Cell attachment site	3	14.285714285714285	0.0033457440582777315	7057, 2335, 1291	21	89	20562	33.00481540930979	0.548089350766068	0.1151014888639257	0.11267318741110026
GOTERM_CC_DIRECT	GO:0005604~basement membrane	3	14.285714285714285	0.003433120776757994	5176, 2335, 1291	21	90	20521	32.57301587301587	0.22201575409078012	0.017901272621666683	0.013977706019657546
GOTERM_BP_DIRECT	GO:0008203~cholesterol metabolic process	3	14.285714285714285	0.0035551272762441386	335, 348, 116519	21	86	19256	31.98671096345515	0.7379210858064377	0.05346911423471184	0.04849193604797005
UP_SEQ_FEATURE	CARBOHYD:N-linked (GlcNAc...) (keratan sulfate) asparagine	2	9.523809523809524	0.0038852823245206984	2331, 4060	21	4	20562	489.5714285714285	0.6025178950611351	0.1151014888639257	0.11267318741110026
UP_SEQ_FEATURE	CROSSLNK:Isoglutamyl lysine isopeptide (Gln-Lys) (interchain with K-?)	2	9.523809523809524	0.0038852823245206984	2335, 2243	21	4	20562	489.5714285714285	0.6025178950611351	0.1151014888639257	0.11267318741110026
GOTERM_BP_DIRECT	GO:1902995~positive regulation of phospholipid efflux	2	9.523809523809524	0.004148403769125168	335, 348	21	4	19256	458.4761904761905	0.7905026381931609	0.05999230066119474	0.05440791097198778
OMIM_DISEASE	202400~Hypofibrinogenemia, congenital	2	9.523809523809524	0.004303918227492407	2244, 2266	14	2	6035	431.07142857142856	0.1175763377268968	0.04160454286575993	0.04160454286575993
GOTERM_BP_DIRECT	GO:0006869~lipid transport	3	14.285714285714285	0.0044079292565474	335, 348, 116519	21	96	19256	28.6547619047619	0.8100596076040103	0.06138449631340083	0.055670513943802354
UP_KW_PTM	KW-1015~Disulfide bond	12	57.14285714285714	0.004652677843206136	7057, 1522, 730, 2335, 2267, 2244, 2266, 2243, 2331, 727, 5648, 4060	20	3870	14237	2.2072868217054262	0.06756238321067798	0.014888569098259636	0.012096962392335955
BIOCARTA	h_compPathway:Complement Pathway	3	14.285714285714285	0.00493355882847401	730, 727, 5648	10	20	1623	24.345	0.06689800628395204	0.014110948067172373	0.014110948067172373
GOTERM_BP_DIRECT	GO:0090205~positive regulation of cholesterol metabolic process	2	9.523809523809524	0.00518294729327029	335, 348	21	5	19256	366.7809523809524	0.8582734714722334	0.06700460371915938	0.0607674730538121
GOTERM_BP_DIRECT	GO:0043152~induction of bacterial agglutination	2	9.523809523809524	0.00518294729327029	2244, 2243	21	5	19256	366.7809523809524	0.8582734714722334	0.06700460371915938	0.0607674730538121
GOTERM_BP_DIRECT	GO:0042632~cholesterol homeostasis	3	14.285714285714285	0.0053461119988691	335, 348, 116519	21	106	19256	25.951482479784364	0.8667503111411593	0.06700460371915938	0.0607674730538121
BIOCARTA	h_amiPathway:Acute Myocardial Infarction	3	14.285714285714285	0.0054371553157862695	2244, 2266, 2243	10	21	1623	23.185714285714283	0.07348761534249904	0.014110948067172373	0.014110948067172373
GOTERM_BP_DIRECT	GO:0007229~integrin-mediated signaling pathway	3	14.285714285714285	0.005846696171524273	2335, 335, 83706	21	111	19256	24.782496782496782	0.8897284683434352	0.07083007971587404	0.06423685421040705
UP_KW_BIOLOGICAL_PROCESS	KW-0391~Immunity	6	28.57142857142857	0.006071361025065438	730, 2267, 2244, 2243, 727, 5648	16	961	11447	4.466831425598335	0.1516198048406251	0.04098168691919171	0.04098168691919171
GOTERM_BP_DIRECT	GO:0032914~positive regulation of transforming growth factor beta1 production	2	9.523809523809524	0.006216469762297456	7057, 4060	21	6	19256	305.6507936507936	0.9041228932997539	0.07083007971587404	0.06423685421040705
GOTERM_BP_DIRECT	GO:0042158~lipoprotein biosynthetic process	2	9.523809523809524	0.006216469762297456	335, 348	21	6	19256	305.6507936507936	0.9041228932997539	0.07083007971587404	0.06423685421040705
BIOCARTA	h_intrinsicPathway:Intrinsic Prothrombin Activation Pathway	3	14.285714285714285	0.006512745261771865	2244, 2266, 2243	10	23	1623	21.169565217391302	0.08741736624652174	0.014110948067172373	0.014110948067172373
KEGG_PATHWAY	hsa04613:Neutrophil extracellular trap formation	4	19.047619047619047	0.006746237759536829	2244, 2266, 2243, 727	19	191	8662	9.547533755855607	0.2822871554156956	0.08264141255432615	0.07926829367455773
GOTERM_CC_DIRECT	GO:0009897~external side of plasma membrane	4	19.047619047619047	0.006870244628939085	7057, 2244, 2266, 2243	21	407	20521	9.603837603837603	0.39544256381916876	0.033435190527503544	0.026106929589968523
GOTERM_MF_DIRECT	GO:0005543~phospholipid binding	3	14.285714285714285	0.007229510873243124	335, 348, 116519	20	128	18883	22.128515625	0.4196841658136722	0.06024592394369271	0.05140985509861777
GOTERM_BP_DIRECT	GO:0034384~high-density lipoprotein particle clearance	2	9.523809523809524	0.007248972131467689	335, 348	21	7	19256	261.98639455782313	0.935141056827366	0.08016510357152504	0.07270292637736712
GOTERM_CC_DIRECT	GO:0005579~membrane attack complex	2	9.523809523809524	0.007771667572881095	730, 727	21	8	20521	244.297619047619	0.43421876080743427	0.03545823330127	0.0276865657283889
GOTERM_BP_DIRECT	GO:0032489~regulation of Cdc42 protein signal transduction	2	9.523809523809524	0.008280455354378454	335, 348	21	8	19256	229.23809523809524	0.9561251148078996	0.0841473300877378	0.07631446691467711
GOTERM_BP_DIRECT	GO:0034372~very-low-density lipoprotein particle remodeling	2	9.523809523809524	0.008280455354378454	348, 116519	21	8	19256	229.23809523809524	0.9561251148078996	0.0841473300877378	0.07631446691467711
GOTERM_BP_DIRECT	GO:0010757~negative regulation of plasminogen activation	2	9.523809523809524	0.008280455354378454	7057, 1522	21	8	19256	229.23809523809524	0.9561251148078996	0.0841473300877378	0.07631446691467711
UP_KW_CELLULAR_COMPONENT	KW-0473~Membrane attack complex	2	9.523809523809524	0.00890045104543841	730, 727	21	8	17910	213.21428571428572	0.1409988715424595	0.037746813418231905	0.037746813418231905
GOTERM_BP_DIRECT	GO:0065003~macromolecular complex assembly	3	14.285714285714285	0.009278114957855787	2244, 2266, 2243	21	141	19256	19.5096251266464	0.9699488909264576	0.089766822164733	0.0814108679738669
GOTERM_BP_DIRECT	GO:1905920~positive regulation of CoA-transferase activity	2	9.523809523809524	0.009310920384107945	335, 348	21	9	19256	203.76719576719574	0.9703207245582026	0.089766822164733	0.0814108679738669
UP_SEQ_FEATURE	CARBOHYD:N-linked (Glc) (glycation) lysine	2	9.523809523809524	0.009686327557246854	335, 348	21	10	20562	195.82857142857142	0.9004256033326636	0.2550732923408338	0.24969199925347446
GOTERM_BP_DIRECT	GO:0034380~high-density lipoprotein particle assembly	2	9.523809523809524	0.010340368173214086	335, 348	21	10	19256	183.3904761904762	0.9799237881069168	0.09482874227142674	0.0860015987089269
GOTERM_BP_DIRECT	GO:0033622~integrin activation	2	9.523809523809524	0.010340368173214086	2335, 83706	21	10	19256	183.3904761904762	0.9799237881069168	0.09482874227142674	0.0860015987089269
GOTERM_MF_DIRECT	GO:0005178~integrin binding	3	14.285714285714285	0.010705236314728037	7057, 2335, 83706	20	157	18883	18.04108280254777	0.5539040525195316	0.08028927236046028	0.06851351241425944
UP_KW_CELLULAR_COMPONENT	KW-0162~Chylomicron	2	9.523809523809524	0.011113775982854793	348, 116519	21	10	17910	170.57142857142856	0.1730341859116138	0.037746813418231905	0.037746813418231905
UP_KW_CELLULAR_COMPONENT	KW-0850~VLDL	2	9.523809523809524	0.013322404735846553	348, 116519	21	12	17910	142.14285714285714	0.20387816826673266	0.037746813418231905	0.037746813418231905
UP_SEQ_FEATURE	DISULFID:Interchain	3	14.285714285714285	0.013471900004135926	7057, 2267, 2243	21	183	20562	16.051522248243558	0.9598262806623369	0.3192840300980214	0.3125480800959535
GOTERM_MF_DIRECT	GO:0043394~proteoglycan binding	2	9.523809523809524	0.013999771535330567	7057, 2335	20	14	18883	134.87857142857143	0.6526429099851846	0.09545298774089024	0.08145321620555966
KEGG_PATHWAY	hsa04512:ECM-receptor interaction	3	14.285714285714285	0.014353269535617132	7057, 2335, 1291	19	89	8662	15.3672383205204	0.5075717092438945	0.135330329436834	0.12980664252104487
GOTERM_CC_DIRECT	GO:0034362~low-density lipoprotein particle	2	9.523809523809524	0.01452477602100635	335, 348	21	15	20521	130.29206349206348	0.6563337885798667	0.06237109703138021	0.04870071959984482
GOTERM_BP_DIRECT	GO:0000302~response to reactive oxygen species	2	9.523809523809524	0.015472381773039378	348, 1291	21	15	19256	122.26031746031745	0.997157557101307	0.13851465587292394	0.12562100439539112
GOTERM_MF_DIRECT	GO:0030021~extracellular matrix structural constituent conferring compression resistance	2	9.523809523809524	0.015984515640434325	2331, 4060	20	16	18883	118.01875	0.7013620902691898	0.09990322275271453	0.08525075008231639
UP_SEQ_FEATURE	CARBOHYD:N-linked (GlcNAc...) asparagine	10	47.61904761904761	0.01602124633070432	7057, 1522, 730, 2335, 2244, 2243, 2331, 727, 5648, 1291	21	4422	20562	2.214253408283259	0.9782421535266473	0.3451850345797204	0.33790264988394564
GOTERM_BP_DIRECT	GO:0006957~complement activation, alternative pathway	2	9.523809523809524	0.01649574606634834	730, 727	21	16	19256	114.61904761904762	0.9980774959766805	0.14111990292733068	0.12798374175058447
GOTERM_BP_DIRECT	GO:0045087~innate immune response	4	19.047619047619047	0.016514031193623803	730, 2244, 2243, 727	21	528	19256	6.946608946608946	0.9980908885422728	0.14111990292733068	0.12798374175058447
KEGG_PATHWAY	hsa05150:Staphylococcus aureus infection	3	14.285714285714285	0.01657106074736743	2266, 727, 5648	19	96	8662	14.24671052631579	0.5590328682594516	0.135330329436834	0.12980664252104487
UP_KW_BIOLOGICAL_PROCESS	KW-0179~Complement alternate pathway	2	9.523809523809524	0.016910533498527596	730, 727	16	13	11447	110.06730769230768	0.369024995358177	0.08371478419919069	0.08371478419919069
UP_KW_PTM	KW-0971~Glycation	2	9.523809523809524	0.01721811767472417	335, 348	20	13	14237	109.51538461538463	0.22935010363170094	0.04591498046593112	0.037305921628569036
GOTERM_BP_DIRECT	GO:0034375~high-density lipoprotein particle remodeling	2	9.523809523809524	0.017518099760448692	335, 348	21	17	19256	107.87675070028011	0.998699728826445	0.14637345577619354	0.1327482670736223
GOTERM_BP_DIRECT	GO:0007155~cell adhesion	4	19.047619047619047	0.018489016242710647	7057, 2335, 1291, 83706	21	551	19256	6.656641604010025	0.9991034352368714	0.14831555041565533	0.13450958162696403
GOTERM_BP_DIRECT	GO:0043691~reverse cholesterol transport	2	9.523809523809524	0.018539443801956917	335, 348	21	18	19256	101.88359788359787	0.9991205892311956	0.14831555041565533	0.13450958162696403
UP_SEQ_FEATURE	CARBOHYD:C-linked (Man) tryptophan	2	9.523809523809524	0.019283478193316744	7057, 730	21	20	20562	97.91428571428571	0.9900960702501768	0.3808486943180057	0.37281391173745704
GOTERM_CC_DIRECT	GO:0071682~endocytic vesicle lumen	2	9.523809523809524	0.019321667357929475	335, 348	21	20	20521	97.71904761904761	0.7593198134361601	0.07836009539604731	0.06118527996677667
UP_KW_BIOLOGICAL_PROCESS	KW-0445~Lipid transport	3	14.285714285714285	0.02141255669668223	335, 348, 116519	16	175	11447	12.264642857142857	0.44257011500503496	0.08371478419919069	0.08371478419919069
GOTERM_CC_DIRECT	GO:0005783~endoplasmic reticulum	5	23.809523809523807	0.022943164647105555	7057, 1522, 2244, 348, 2243	21	1147	20521	4.259766679121517	0.8162838244164219	0.0860049226432502	0.06715452863925016
UP_KW_BIOLOGICAL_PROCESS	KW-0204~Cytolysis	2	9.523809523809524	0.023343220441050666	730, 727	16	18	11447	79.49305555555556	0.4715143906303856	0.08371478419919069	0.08371478419919069
GOTERM_CC_DIRECT	GO:0009986~cell surface	4	19.047619047619047	0.023562992505000057	7057, 2244, 2266, 2243	21	644	20521	6.069506063294884	0.8246002916098206	0.0860049226432502	0.06715452863925016
GOTERM_MF_DIRECT	GO:0050750~low-density lipoprotein particle receptor binding	2	9.523809523809524	0.023885707483678756	348, 116519	20	24	18883	78.67916666666667	0.8368637818134117	0.1356469090038068	0.11575202901658181
UP_KW_BIOLOGICAL_PROCESS	KW-0130~Cell adhesion	4	19.047619047619047	0.02480438050346391	7057, 2335, 1291, 83706	16	495	11447	5.781313131313132	0.49245210779964665	0.08371478419919069	0.08371478419919069
GOTERM_MF_DIRECT	GO:0042802~identical protein binding	6	28.57142857142857	0.025320756347377273	122622, 2335, 335, 2266, 348, 5648	20	1734	18883	3.266955017301038	0.8539071971813439	0.1356469090038068	0.11575202901658181
GOTERM_BP_DIRECT	GO:0014850~response to muscle activity	2	9.523809523809524	0.025660661043899743	122622, 1291	21	25	19256	73.35619047619048	0.9999431082468165	0.20100851151054797	0.18229761283270443
UP_KW_CELLULAR_COMPONENT	KW-0034~Amyloid	2	9.523809523809524	0.02756467243326489	335, 2243	21	25	17910	68.22857142857143	0.37822626194011677	0.06694277590935759	0.06694277590935759
GOTERM_BP_DIRECT	GO:0018149~peptide cross-linking	2	9.523809523809524	0.027686261367515373	7057, 2335	21	27	19256	67.92239858906525	0.9999739855417301	0.2082006854837156	0.18882030252645485
GOTERM_BP_DIRECT	GO:0010875~positive regulation of cholesterol efflux	2	9.523809523809524	0.027686261367515373	335, 348	21	27	19256	67.92239858906525	0.9999739855417301	0.2082006854837156	0.18882030252645485
UP_KW_PTM	KW-0379~Hydroxylation	3	14.285714285714285	0.029770711619609192	2243, 5648, 1291	20	204	14237	10.468382352941177	0.36449977523217125	0.068047340844821	0.05528846443641707
BIOCARTA	h_slrpPathway:Small Leucine-rich Proteoglycan (SLRP) molecules	2	9.523809523809524	0.03286381916378828	2331, 4060	10	6	1623	54.1	0.37363594154634006	0.06103280701846395	0.06103280701846395
GOTERM_BP_DIRECT	GO:0035987~endodermal cell differentiation	2	9.523809523809524	0.03373908641827704	2335, 1291	21	33	19256	55.57287157287157	0.9999975140123203	0.24874306849553268	0.22558879350259747
UP_KW_DOMAIN	KW-0245~EGF-like domain	3	14.285714285714285	0.03527769344025745	7057, 730, 5648	18	257	14600	9.46822308690013	0.2761961570856395	0.1587496204811585	0.1411107737610298
GOTERM_CC_DIRECT	GO:0005769~early endosome	3	14.285714285714285	0.03655972936344428	335, 348, 116519	21	312	20521	9.39606227106227	0.9340507197871261	0.12708858302530632	0.09923355112934877
GOTERM_MF_DIRECT	GO:0042803~protein homodimerization activity	4	19.047619047619047	0.03687765773705224	7057, 335, 348, 5648	20	744	18883	5.076075268817204	0.9402814406714224	0.1843882886852612	0.15734467301142288
GOTERM_BP_DIRECT	GO:0006641~triglyceride metabolic process	2	9.523809523809524	0.03775439789113556	348, 116519	21	37	19256	49.564993564993564	0.9999994805885677	0.2729933385974418	0.24758172463225436
GOTERM_BP_DIRECT	GO:0001937~negative regulation of endothelial cell proliferation	2	9.523809523809524	0.03975610440390984	7057, 348	21	39	19256	47.02319902319902	0.9999997626087699	0.28204330671453015	0.255789275504401
UP_KW_LIGAND	KW-0106~Calcium	4	19.047619047619047	0.03982329203480404	7057, 2266, 2243, 5648	7	973	6921	4.064601380120393	0.24758375030163826	0.27876304424362824	0.27876304424362824
GOTERM_BP_DIRECT	GO:0043537~negative regulation of blood vessel endothelial cell migration	2	9.523809523809524	0.04175385466946447	7057, 348	21	41	19256	44.72938443670151	0.999999891511819	0.29073054362441925	0.263667860042359
UP_SEQ_FEATURE	DOMAIN:Sushi 2	2	9.523809523809524	0.04289129672785987	730, 5648	21	45	20562	43.51746031746031	0.9999692517853981	0.6353273327814244	0.6219238025539682
UP_SEQ_FEATURE	DOMAIN:TSP type-1 1	2	9.523809523809524	0.04289129672785987	7057, 730	21	45	20562	43.51746031746031	0.9999692517853981	0.6353273327814244	0.6219238025539682
UP_SEQ_FEATURE	DOMAIN:Sushi 1	2	9.523809523809524	0.04289129672785987	730, 5648	21	45	20562	43.51746031746031	0.9999692517853981	0.6353273327814244	0.6219238025539682
UP_SEQ_FEATURE	DOMAIN:TSP type-1 2	2	9.523809523809524	0.04289129672785987	7057, 730	21	45	20562	43.51746031746031	0.9999692517853981	0.6353273327814244	0.6219238025539682
GOTERM_MF_DIRECT	GO:0004866~endopeptidase inhibitor activity	2	9.523809523809524	0.04434136536764093	7057, 727	20	45	18883	41.96222222222223	0.9666796841742944	0.20785015016081687	0.17736546147056373
GOTERM_BP_DIRECT	GO:0006958~complement activation, classical pathway	2	9.523809523809524	0.04474307830009715	730, 727	21	44	19256	41.679653679653676	0.9999999664885937	0.30587995346975505	0.27740708546060233
UP_KW_BIOLOGICAL_PROCESS	KW-0180~Complement pathway	2	9.523809523809524	0.04492170713645382	730, 727	16	35	11447	40.88214285714286	0.7108971913201846	0.13476512140936145	0.13476512140936145
GOTERM_CC_DIRECT	GO:0016529~sarcoplasmic reticulum	2	9.523809523809524	0.045776983837914134	7057, 1291	21	48	20521	40.71626984126984	0.9673079766896274	0.15189635546216965	0.11860400358005026
GOTERM_BP_DIRECT	GO:0034446~substrate adhesion-dependent cell spreading	2	9.523809523809524	0.048714931971318036	2335, 83706	21	48	19256	38.2063492063492	0.9999999930045506	0.3270859718074211	0.29663913932534736
BIOCARTA	h_alternativePathway:Alternative Complement Pathway	2	9.523809523809524	0.04893283151623933	730, 727	10	9	1623	36.06666666666667	0.5045992532428654	0.07951585121388892	0.07951585121388892
INTERPRO	IPR000372:LRRNT	2	9.523809523809524	0.05115764907806755	2331, 4060	21	54	20603	36.336860670194	0.9967329736547353	0.5731279864548082	0.5678699315332045
GOTERM_MF_DIRECT	GO:0019899~enzyme binding	3	14.285714285714285	0.0535962950719887	335, 348, 116519	20	374	18883	7.5733957219251336	0.9839404865628629	0.23645424296465606	0.20177428732983982
GOTERM_BP_DIRECT	GO:0009612~response to mechanical stimulus	2	9.523809523809524	0.05562795220173951	7057, 1291	21	55	19256	33.343722943722945	0.9999999995493757	0.36694929873428167	0.33279178422444167
GOTERM_BP_DIRECT	GO:0001932~regulation of protein phosphorylation	2	9.523809523809524	0.05661162185329304	2335, 335	21	56	19256	32.74829931972789	0.9999999996954657	0.3669994796006583	0.3328372939995332
INTERPRO	IPR000436:Sushi_SCR_CCP_dom	2	9.523809523809524	0.057604190286363134	730, 5648	21	61	20603	32.167056986729115	0.9984460581725443	0.5731279864548082	0.5678699315332045
INTERPRO	IPR035976:Sushi/SCR/CCP_sf	2	9.523809523809524	0.05852172101238807	730, 5648	21	62	20603	31.64823348694316	0.9986025920123531	0.5731279864548082	0.5678699315332045
UP_SEQ_FEATURE	DOMAIN:Sushi	2	9.523809523809524	0.058635145221324604	730, 5648	21	62	20562	31.585253456221196	0.999999396549984	0.8174429069090547	0.8001972759616063
GOTERM_BP_DIRECT	GO:0031640~killing of cells of other organism	2	9.523809523809524	0.06053657534401715	730, 727	21	60	19256	30.565079365079363	0.9999999999364912	0.385792412361872	0.34988088461542116
INTERPRO	IPR036383:TSP1_rpt_sf	2	9.523809523809524	0.06218336438572348	7057, 730	21	66	20603	29.73015873015873	0.999086192710803	0.5731279864548082	0.5678699315332045
INTERPRO	IPR000884:TSP1_rpt	2	9.523809523809524	0.06309665905924494	7057, 730	21	67	20603	29.286425017768302	0.999178264876163	0.5731279864548082	0.5678699315332045
KEGG_PATHWAY	hsa04510:Focal adhesion	3	14.285714285714285	0.06539670599941055	7057, 2335, 1291	19	203	8662	6.737360642986777	0.9636304388648446	0.4075159014535989	0.390882599353452
GOTERM_BP_DIRECT	GO:0009611~response to wounding	2	9.523809523809524	0.065420954012872	2335, 1291	21	65	19256	28.21391941391941	0.9999999999910539	0.4099713118139979	0.37180908863982254
UP_KW_DOMAIN	KW-0768~Sushi	2	9.523809523809524	0.0654647452422873	730, 5648	18	58	14600	27.96934865900383	0.4562976556561311	0.19639423572686193	0.1745726539794328
KEGG_PATHWAY	hsa05205:Proteoglycans in cancer	3	14.285714285714285	0.06653320840058757	7057, 2335, 4060	19	205	8662	6.671630295250321	0.9657354725397649	0.4075159014535989	0.390882599353452
GOTERM_BP_DIRECT	GO:0006954~inflammatory response	3	14.285714285714285	0.06878362116087128	7057, 727, 1291	21	417	19256	6.596779719081876	0.9999999999976931	0.42397773043422293	0.38451171829273945
UP_SEQ_FEATURE	CARBOHYD:O-linked (GalNAc...) serine	2	9.523809523809524	0.06959998397462626	348, 2243	21	74	20562	26.46332046332046	0.9999999624403895	0.9163997889992457	0.8970664601174051
SMART	SM00013:LRRNT	2	9.523809523809524	0.073196480245305	2331, 4060	16	54	10690	24.74537037037037	0.9052415587345566	0.45863612777021007	0.45863612777021007
SMART	SM00364:LRR_BAC	2	9.523809523809524	0.07450355553606941	2331, 4060	16	55	10690	24.295454545454543	0.909297889252635	0.45863612777021007	0.45863612777021007
GOTERM_BP_DIRECT	GO:0071347~cellular response to interleukin-1	2	9.523809523809524	0.0799297553968399	2244, 2266	21	80	19256	22.923809523809524	0.999999999999975	0.4776129693421471	0.433154315281043
GOTERM_BP_DIRECT	GO:0002250~adaptive immune response	3	14.285714285714285	0.08002557730998741	2267, 2244, 2243	21	455	19256	6.045839874411303	0.999999999999976	0.4776129693421471	0.433154315281043
BIOCARTA	h_classicPathway:Classical Complement Pathway	2	9.523809523809524	0.0803606552070891	730, 727	10	15	1623	21.64	0.6905107226650222	0.11607650196579536	0.11607650196579536
KEGG_PATHWAY	hsa04810:Regulation of actin cytoskeleton	3	14.285714285714285	0.080684631799582	730, 2335, 727	19	229	8662	5.9724201333026885	0.983790803252697	0.4392829953532798	0.42135307717559495
SMART	SM00032:CCP	2	9.523809523809524	0.08101316436031067	730, 5648	16	60	10690	22.270833333333336	0.9271234177699297	0.45863612777021007	0.45863612777021007
GOTERM_MF_DIRECT	GO:0001540~beta-amyloid binding	2	9.523809523809524	0.08404063934757115	335, 348	20	87	18883	21.704597701149424	0.9986173400076297	0.3501693306148798	0.29881116212469744
GOTERM_BP_DIRECT	GO:0007596~blood coagulation	2	9.523809523809524	0.08567314658838007	2244, 2243	21	86	19256	21.324473975636764	0.9999999999999977	0.5033297362067329	0.45647723416621255
UP_SEQ_FEATURE	REPEAT:LRR 11	2	9.523809523809524	0.08671320331932995	2331, 4060	21	93	20562	21.0568356374808	0.999999999538787	1.0	0.9830508474576272
UP_KW_BIOLOGICAL_PROCESS	KW-0153~Cholesterol metabolism	2	9.523809523809524	0.08675033730843922	335, 348	16	69	11447	20.73731884057971	0.9137186259161703	0.2342259107327859	0.2342259107327859
SMART	SM00209:TSP1	2	9.523809523809524	0.0887682827942342	7057, 730	16	66	10690	20.24621212121212	0.9439605761037813	0.45863612777021007	0.45863612777021007
BIOCARTA	h_LairPathway:Cells and Molecules involved in local acute inflammatory response	2	9.523809523809524	0.09062950141402558	730, 727	10	17	1623	19.094117647058823	0.7355326566768147	0.11781835183823326	0.11781835183823326
GOTERM_CC_DIRECT	GO:0043202~lysosomal lumen	2	9.523809523809524	0.09134079145985695	2331, 4060	21	98	20521	19.94266277939747	0.999081084983138	0.2886395166401517	0.22537606093820065
UP_SEQ_FEATURE	DOMAIN:LRRNT	2	9.523809523809524	0.09382893747468876	2331, 4060	21	101	20562	19.388967468175387	0.9999999999277538	1.0	0.9830508474576272
GOTERM_CC_DIRECT	GO:0042470~melanosome	2	9.523809523809524	0.09489518355292659	5176, 348	21	102	20521	19.160597572362278	0.9993097316740965	0.2886395166401517	0.22537606093820065
UP_KW_BIOLOGICAL_PROCESS	KW-1207~Sterol metabolism	2	9.523809523809524	0.097532853301687	335, 348	16	78	11447	18.34455128205128	0.9373894061070259	0.23939882174050445	0.23939882174050445
GOTERM_CC_DIRECT	GO:0005796~Golgi lumen	2	9.523809523809524	0.09931960104415231	2331, 4060	21	107	20521	18.265242545616378	0.9995173170693739	0.29001323504892473	0.22644869038066726